mutant	CDC26	CHL1	SWM1
GSP1-NAT	0.539116	0.29741	0.111559
NTER3XFLAG WT	-1.003148	-0.461268	-0.311715
CTER3XFLAG WT	-0.29935	0.069768	-0.095085
T34A	-0.242834	-0.192211	0.051726
T34L	0.227219	0.689889	0.719054
T34Y	-0.266253	0.020727	-0.694594
T34G	-11.801316	-10.298211	-12.091125
T34S	0.440563	-0.08827	0.103147
T34N	-0.291196	0.538874	0.29993
T34Q	-1.8179670000000001	-0.640625	-2.582008
T34D	-0.155836	0.508337	0.049185
T34E	-1.983299	-0.364813	-1.280561
F58A	0.066504	9.41e-4	-0.206457
F58L	0.277676	0.423955	0.009785
R78K	-3.172579	-0.871325	-2.846061
D79A	-3.33439	-3.192335	-6.8572939999999996
D79S	-4.55579	-1.623795	-4.309134
G80A	-2.333375	-1.167621	-1.105631
N84Y	0.063253	-0.235895	0.211277
K101R	-0.397357	-0.426813	-1.693792
N102I	0.339055	-0.233569	0.515691
N102M	-0.142365	-0.117718	0.058752
N102K	0.968755	0.25925	0.460293
N105L	0.30541	0.559464	0.221281
N105V	0.191959	0.97573	-0.176318
R108A	0.67184	-0.350278	0.368368
R108I	0.538552	1.144051	1.329091
R108L	0.48344	-0.211502	0.46226
R108Y	0.676337	-0.677772	-1.112674
R108G	0.505489	-0.964504	0.800488
R108S	0.825538	0.53461	0.121752
R108Q	0.395502	-0.505935	-1.276972
R108D	0.086825	-0.091123	0.252623
R112A	1.258884	-0.645076	-1.12676
R112S	2.854286	-0.870761	-0.533602
E115A	0.146542	0.560934	0.075068
E115I	-0.380371	-0.219531	0.351746
K129I	0.138334	0.212406	0.01292
K129F	-0.063607	-0.051862	0.055511
K129T	-0.556155	0.222722	0.037319
K129E	-0.710803	0.288255	0.259529
K132H	0.249817	0.437387	0.730723
T137G	0.226136	0.431262	0.228907
T139A	0.237051	-0.298881	0.143347
T139R	1.018988	0.053706	-0.206619
H141V	0.537204	0.124648	0.6459
H141I	1.042339	0.384039	-0.366128
H141E	-1.565295	0.59645	-0.072455
H141R	0.41944	-2.412599	-2.018356
K143Y	-0.387391	-0.378768	0.375735
K143W	0.143681	-0.492771	0.257497
K143H	0.407549	-0.023233	0.536134
Q147L	0.232956	0.484487	0.480085
Q147E	-1.265233	-0.532571	-0.642038
Y148I	1.060581	0.565001	0.031631
K154M	1.199624	-0.130682	1.364677
Y157A	0.51377	0.714424	0.202258
K169I	0.044657	0.209939	0.822388
A180T	-1.678329	0.093153	-0.946713
