mutant	ARL1	ARL3	SNU66	SYS1
GSP1-NAT	-0.342893	-0.231873	0.741346	-0.482049
NTER3XFLAG WT	1.237555	0.601162	1.61255	0.520403
CTER3XFLAG WT	0.707766	1.098233	0.851158	1.192019
T34A	0.664293	0.18493	-0.495765	-0.190628
T34L	0.540397	-0.540068	-0.313312	0.326588
T34Y	-0.351531	-0.183788	0.257592	-0.895889
T34G	-4.330785	-3.532388	-1.697792	-3.286371
T34S	0.092697	-0.492396	-0.401338	-0.623214
T34N	-0.370756	-0.168752	0.140596	-1.179802
T34Q	1.185303	0.305574	0.853424	0.627666
T34D	0.350279	-0.077116	-0.768985	0.040765
T34E	0.367181	-0.168829	-0.180378	-1.274307
F58A	-0.012576	-0.107517	0.368266	0.091602
F58L	-0.090449	-0.131718	0.150967	-0.626095
R78K	-2.213109	0.37212	-0.301367	3.493234
D79A	-6.633537	-6.305767	-10.3295	-7.063962
D79S	-6.340446	-5.701092	-11.029366	-8.7326
G80A	-1.011026	-0.810392	-1.153528	-0.441307
N84Y	-0.479331	-0.718596	-0.363537	-1.284056
K101R	0.761347	1.972491	0.184568	1.563597
N102I	1.601949	1.02485	-0.52875	1.56067
N102M	-0.233828	-0.463281	0.221353	0.280421
N102K	0.455089	0.272608	-0.341491	1.516093
N105L	0.570716	0.532149	0.06889	0.423263
N105V	0.201201	0.071512	-0.312472	-0.181778
R108A	0.370875	0.739051	0.103444	1.124771
R108I	0.793857	-0.049684	0.144714	0.9612
R108L	0.827147	1.182899	1.409939	-1.022429
R108Y	0.343735	1.77041	2.153883	1.644803
R108G	0.354762	0.971581	0.402102	0.388943
R108S	-0.2915	-0.560013	-0.336458	-0.3948
R108Q	0.097558	0.777578	1.69718	0.393445
R108D	-0.775201	-0.641693	-0.332327	-0.481819
R112A	0.374924	3.09725	2.643107	3.625301
R112S	0.089454	0.637056	2.878551	3.886915
E115A	0.325387	-0.768875	0.323374	-0.40688
E115I	-0.377791	-0.580016	-0.009814	-0.732094
K129I	-0.223969	0.182897	-1.375598	-0.80579
K129F	-0.565116	-0.239264	-0.640495	-0.060151
K129T	-0.267085	-0.398147	-0.932154	0.125309
K129E	-0.786211	-0.879946	-0.521174	-0.414424
K132H	-0.286902	-0.697587	0.308431	-0.192425
T137G	0.044701	-0.788667	-0.424818	0.43839
T139A	-0.185943	-0.443067	0.521971	-0.701368
T139R	-0.58438	-0.306911	-0.107563	1.014152
H141V	0.601682	0.522028	-1.117407	-0.327728
H141I	0.961417	0.696121	-0.470453	0.70152
H141E	-6.556576	-9.217941	-7.296529	-8.713011
H141R	-0.686637	1.615067	3.01621	1.995837
K143Y	0.036701	0.083645	0.089205	-0.422789
K143W	0.282931	-0.010874	0.22542	-0.281359
K143H	0.010293	-0.544791	0.414565	0.050336
Q147L	-0.442923	-0.42929	0.039585	0.143068
Q147E	0.576554	0.290608	0.053851	0.371362
Y148I	0.8397	0.831578	-0.265188	0.632522
K154M	-0.047974	-0.524695	-0.546111	0.003955
Y157A	-2.786536	-1.561289	0.794204	-0.976604
K169I	0.141027	-0.55264	0.355186	-0.069728
A180T	-0.548313	-0.956724	0.033031	-0.596777
