mutant	CHL4	CTF19	IML3	IRC15	MAD1	MAD2	MAD3	MCM16	MCM21	MCM22	NKP1	RMI1
GSP1-NAT	0.123381	0.481122	0.835558	0.241309	0.131513	0.421165	-0.366351	0.386789	0.089721	-0.291938	0.208705	-0.185895
NTER3XFLAG WT	-1.891231	-4.232389	-2.277338	-2.918975	0.416195	-0.551925	-0.213375	-1.156132	-3.686757	-1.686621	-1.383273	-0.15648
CTER3XFLAG WT	-3.091466	-4.524159	-1.643116	-3.912781	-1.278892	-1.437094	-0.680022	-1.788321	-5.236568	-2.380164	-0.763751	0.305068
T34A	-0.571069	-2.098216	-0.756007	-1.351036	-0.484503	0.48248	0.246959	-0.335144	-2.124792	-0.744323	0.589362	-0.333521
T34L	0.419741	-0.03754	1.990786	0.281016	0.814351	0.049058	0.319661	0.107173	0.921444	0.075586	0.150245	0.007153
T34Y	-0.212964	0.484577	0.70603	0.114559	0.690083	-0.197272	0.047409	0.17688	-0.054484	0.389366	0.385515	0.61939
T34G	-14.105125	-16.87925	-14.271201	-18.152263	-12.852831	-13.799157	-16.381167	-12.02558	-14.994404	-9.750923	-3.44558	-6.519402
T34S	-0.095934	0.231123	1.0216	-0.314006	0.619932	-0.06907	-0.174236	0.040536	0.582174	-0.118329	-0.113728	0.454704
T34N	-0.221527	0.47053	0.598016	-0.045674	0.56909	0.092037	-0.075973	0.859519	0.176407	0.106441	0.257881	-0.431904
T34Q	-6.92094	-11.13472	-10.327585	-9.660085	-14.489843	-8.593254	-4.518893	-5.493654	-9.968853	-6.128241	-2.268646	-3.978822
T34D	0.218059	0.394322	0.694941	0.315535	0.317397	0.459928	-0.65482	-0.437225	0.781834	-0.084677	0.517464	-0.075797
T34E	-5.024309	-10.005475	-4.743411	-7.501446	-9.740241	-10.115277	-3.564171	-3.938347	-7.764592	-3.275422	-1.048661	-2.698464
F58A	0.082611	0.279326	0.427583	0.619538	-0.173164	0.410182	-0.477789	0.402904	0.817995	-0.029523	-0.137713	-0.043156
F58L	0.162274	0.26333	0.740858	0.681104	0.258828	0.024255	0.537541	0.064545	0.033714	-0.111427	-0.223137	-0.299321
R78K	-0.34649	2.986532	-2.410241	0.626107	0.452469	1.377835	1.086258	-0.898006	1.237201	1.132408	0.956705	-3.08153
D79A	-12.24581	-17.076762	-12.288303	-9.204815	-9.017087	-15.638516	-12.06957	-10.252528	-9.457423	-11.102736	-3.278567	-5.991445
D79S	-5.510847	-11.541488	-5.988939	-10.7147	-14.815569	-13.312317	-6.766713	-5.454242	-10.00821	-3.82188	-1.525487	-5.794427
G80A	0.008015	-0.660275	0.508263	-1.037589	-0.688897	-0.56596	-0.075241	0.081001	0.159126	-0.122159	-0.053189	-1.086547
N84Y	-0.254846	0.094627	0.862931	0.179539	0.231361	0.011761	-0.657569	0.005074	0.564337	-0.972656	0.459201	-0.679324
K101R	-5.582395	-9.17665	-6.651626	-8.550005	-10.001052	-8.533901	-3.09256	-5.478587	-9.051232	-4.621942	-1.32304	-1.999891
N102I	-0.285332	0.399389	0.875577	0.704862	0.414039	-0.433627	-0.759346	0.082372	1.328749	-0.230545	0.220582	0.181232
N102M	0.171407	0.335976	0.399334	0.705047	0.431464	0.122012	-0.01853	0.190216	1.841491	0.361029	-0.097972	0.341017
N102K	0.606002	-0.124083	-0.175378	0.174959	0.910876	0.205584	0.442123	-0.249013	0.29833	-0.017444	0.378742	0.669334
N105L	0.071786	0.658576	0.937126	0.81326	0.01973	0.383849	0.480246	0.330543	0.262666	-0.170526	0.263718	-0.031039
N105V	0.870037	0.809387	1.485527	0.649026	0.642931	0.187895	-0.247054	0.540226	0.720552	-0.290503	0.343035	1.242538
R108A	-0.334144	0.238512	-0.571465	0.551976	-0.059475	-0.144846	0.235044	0.57488	0.276491	0.268596	0.35626	0.682668
R108I	-0.032711	-0.773606	1.160719	0.265074	0.085687	-0.289146	0.052539	-0.630006	-0.364969	-0.511936	0.054424	-0.102371
R108L	-0.360222	-0.090321	-0.791538	-0.411007	-0.588834	-0.221292	-0.094578	0.164044	-0.410838	0.139134	-0.724873	-0.341455
R108Y	0.122966	-2.737851	-2.864004	-0.717278	-0.70947	0.638091	0.855407	-0.476181	-1.877614	1.349096	-0.446247	0.070478
R108G	0.137393	-0.884741	0.486957	0.325139	0.078944	0.186606	-0.272438	0.614219	0.520049	0.081647	0.500362	0.86935
R108S	-0.064721	0.403311	0.062713	0.861925	0.051449	-0.095111	0.764576	0.985057	0.627376	0.067315	0.124268	-0.046329
R108Q	-0.14487	-0.44997	-0.54736	0.172476	-1.022149	0.122864	0.046342	0.80749	-0.521959	1.075961	0.106809	0.562766
R108D	0.645236	1.241393	1.100434	0.220092	0.410235	-0.346077	-0.352143	-0.035757	0.389011	0.6438	-0.083809	0.192224
R112A	-0.049004	-1.102553	-2.511143	0.164107	0.279683	1.729138	1.074197	0.356287	-1.208808	1.39574	0.043798	-0.304513
R112S	-0.69169	0.11106099999999999	-0.48823	-0.184809	-1.457264	-0.520212	0.899396	-0.271827	-2.122978	0.345156	0.401185	-1.414837
E115A	-0.115414	-0.028326	0.785938	-0.398964	0.225555	-0.025537	0.425263	0.089942	1.004764	-0.274608	-0.634881	0.322989
E115I	0.361242	0.950428	0.748004	0.297873	0.34835	-0.029314	-0.568302	0.212561	0.056095	-0.567479	0.18548	-0.63631
K129I	0.47977	0.730671	-0.006924	0.497044	1.051907	0.41379	0.019605	0.366413	0.519147	0.662524	-0.558454	-0.004919
K129F	0.714168	0.274171	0.329681	0.008361	0.757004	0.600892	0.044651	-0.091224	0.941915	-0.022981	0.14685	-0.057483
K129T	0.176431	0.582785	0.501285	0.392079	0.052578	0.377309	-0.267269	0.287281	0.040429	0.214801	0.035245	-0.54664
K129E	0.366658	0.701284	0.267288	0.254062	1.158278	0.269703	0.135699	0.079366	0.241064	0.422767	-0.414609	-0.190466
K132H	0.823952	0.33618	-0.054021	0.193484	0.532631	0.538754	0.13362	0.141093	0.363879	0.044516	0.032967	0.453183
T137G	-0.142932	0.448097	-0.061403	0.249528	-0.027509	-0.055882	-0.343519	-0.307651	0.22555	0.335406	-0.113477	0.265003
T139A	-0.182274	0.062511	0.027806	0.281303	0.433314	-0.14222	0.667869	-6.27e-4	0.565278	0.347008	0.269326	0.328466
T139R	0.240875	-0.046336	0.251131	0.462835	0.470835	0.229804	-0.081981	0.229933	0.148893	0.177319	0.034259	0.32377
H141V	-0.310774	0.439319	-0.15186	0.595776	0.568896	0.021427	-0.571277	-0.045078	1.356829	0.373105	0.331093	0.427953
H141I	0.004906	0.153031	-0.671888	-0.07631	0.275647	0.173205	-0.160242	0.404764	0.157802	0.570964	1.011218	0.221185
H141E	1.654603	-0.275599	-1.057466	-0.271789	-1.512339	1.72491	2.169474	0.179487	-0.605221	1.860613	0.789317	-0.676364
H141R	-0.388279	-0.846325	-1.6485	-1.728757	-1.964863	1.236544	0.041252	1.123991	-2.553657	1.329439	0.264214	1.637952
K143Y	0.461244	0.320437	-0.182788	-0.137981	-0.42204	0.173587	0.251669	0.190052	0.071123	-0.230071	-0.802604	0.354698
K143W	0.172495	0.490068	0.445157	-0.061583	0.60091	0.107704	0.231868	-0.025229	0.16786	0.259811	0.780459	1.18264
K143H	0.001051	0.761614	0.559544	0.502361	0.794657	0.063832	0.254505	0.207542	0.344327	0.482666	-0.141378	1.102685
Q147L	0.090268	0.790229	0.453367	-0.288767	0.486615	0.197109	-0.04443	0.095877	0.940013	0.079116	0.280126	0.081105
Q147E	0.356024	-0.744567	-0.478685	-0.507304	0.402595	0.274423	0.254832	0.157634	0.274353	-0.412066	-0.199109	-0.425378
Y148I	-0.389723	-0.414813	-0.326345	0.369711	-0.098781	-0.443667	-0.140834	0.903012	-0.875184	0.028022	0.341489	0.699937
K154M	0.01088	0.31909	0.286438	0.312235	0.396258	-0.142468	0.4017	0.170113	-0.105212	0.285574	-0.246902	-0.502721
Y157A	1.529946	1.620999	0.619311	0.460408	0.317711	0.831582	0.509851	0.326002	1.87133	0.635579	-0.054814	0.543597
K169I	1.149491	0.500224	0.335984	0.525377	0.523205	0.154689	0.092162	-0.04757	-0.028118	-0.102412	0.709857	0.073311
A180T	0.334965	0.395877	0.418704	-0.220319	-0.101475	-0.053748	0.455704	-0.131173	0.554076	0.440456	0.26878	-0.45001
