mutant	DPB3	DPB4	HRT1
GSP1-NAT	0.259142	0.837683	-0.13059
NTER3XFLAG WT	-3.326744	-8.705597	-1.915254
CTER3XFLAG WT	-4.656237	-11.337317	-2.034866
T34A	-2.813091	-5.268439	-1.056491
T34L	-0.083771	-0.961805	0.133418
T34Y	0.448444	0.737738	0.387279
T34G	-8.021798	-9.12329	-6.66492
T34S	0.399993	1.021895	0.26121
T34N	0.027684	0.52339	-0.312912
T34Q	-7.162073	-14.091567	-2.768904
T34D	-1.110454	-1.452183	0.023175
T34E	-9.073681	-10.145402	-2.929333
F58A	-0.2848	1.255792	1.058055
F58L	0.34153	1.377272	0.149716
R78K	1.231053	0.903963	1.603695
D79A	-7.822372	-14.138828	-4.791256
D79S	-10.382428	-15.993228	-6.989514
G80A	-2.259635	-5.621869	-2.69764
N84Y	-0.986966	-1.19995	-0.202512
K101R	-6.095588	-10.774358	-3.27491
N102I	-0.257472	-0.903439	0.578299
N102M	0.160537	0.475713	0.618664
N102K	0.702767	1.05296	-0.162882
N105L	0.121622	0.584247	-0.085197
N105V	-0.187329	0.355496	-0.346948
R108A	0.526402	1.585993	0.317952
R108I	-1.101123	-3.863053	-0.843349
R108L	-0.997111	-5.934349	-1.783606
R108Y	0.820706	-0.145566	0.011872
R108G	0.06251	0.261756	-0.153356
R108S	0.019152	0.766148	0.325945
R108Q	0.591164	0.572419	-0.035713
R108D	0.968613	0.759835	0.647235
R112A	2.320564	-2.520616	-0.113191
R112S	2.245328	-3.01466	1.099384
E115A	0.235133	0.641974	0.781799
E115I	0.446841	0.067246	0.344739
K129I	0.258384	1.878598	-0.010176
K129F	0.280904	0.120271	-0.083045
K129T	0.161727	0.466286	0.842289
K129E	0.27795	0.324093	6.7e-4
K132H	-0.186768	-0.119588	0.242182
T137G	0.218316	0.775712	-0.118346
T139A	0.532795	0.736334	0.857942
T139R	0.908534	1.348742	0.721751
H141V	0.396255	0.397314	0.352443
H141I	0.773294	-0.195223	0.44541
H141E	2.15908	1.028953	-0.136407
H141R	1.5423	0.244298	0.802201
K143Y	0.277664	0.297533	-0.348984
K143W	0.053349	0.940816	0.974999
K143H	0.518633	0.739606	0.448569
Q147L	0.60114	0.721568	0.275571
Q147E	-2.768817	-4.990243	-0.971862
Y148I	0.293298	0.828034	-0.348763
K154M	-0.18738	0.555176	0.214776
Y157A	1.075041	1.275585	0.967801
K169I	-0.07576	1.384012	-0.063675
A180T	-0.603391	-1.451768	0.32778
