mutant	ARP1	DYN3	JNM1	LDB18	NIP100	NUM1	PAC11
GSP1-NAT	-0.164227	0.292269	0.437531	-0.043309	0.462827	0.484527	0.486222
NTER3XFLAG WT	-0.145831	-0.199565	-0.48702	1.053513	0.279606	-0.071667	0.433985
CTER3XFLAG WT	0.263441	0.004628	0.401036	0.513686	0.476403	0.943646	-0.192646
T34A	-0.019681	0.82568	0.635562	0.581983	1.261725	1.184244	0.468413
T34L	0.070317	0.302293	0.125836	0.246487	0.365738	0.533078	0.337821
T34Y	1.055756	0.795154	1.283783	0.920967	1.005008	1.393291	0.821546
T34G	0.944697	-2.609804	-2.828704	-3.313136	-0.706519	-2.762786	-3.972499
T34S	0.093406	0.252612	0.071086	-0.066225	-0.317607	0.148463	0.369473
T34N	0.950425	-0.466568	0.632733	-0.453266	-0.229242	-0.080131	0.792591
T34Q	1.073755	0.363594	0.883691	0.92778	0.522607	1.599942	0.636508
T34D	0.149063	0.205944	0.58631200000000006	0.519503	0.847287	0.33218	0.207856
T34E	0.678908	0.342032	1.599366	1.060055	1.059901	1.936113	0.108762
F58A	0.406981	0.537421	0.63515	0.44458	-0.221753	0.028832	0.613946
F58L	0.673301	1.04917	0.630811	0.583652	0.248379	0.635859	0.858747
R78K	4.585721	4.405311	4.582	4.427051	3.564223	2.692864	2.091009
D79A	-4.373467	-3.46683	-6.078624	-3.721057	-0.328382	-5.534391	-4.233271
D79S	0.093446	0.42049	0.483278	-0.176175	1.355335	-0.482106	-1.242133
G80A	-3.927135	-2.004755	-3.804641	-2.747165	-1.651052	-3.654087	-1.344577
N84Y	0.57161	0.271371	0.739414	0.220587	0.779353	0.835931	0.352137
K101R	0.88067	1.301268	0.753241	1.341473	1.66834	1.436125	1.408247
N102I	0.093887	0.241425	0.329866	0.104406	-0.183738	0.811858	0.785361
N102M	0.964764	0.388727	0.869052	0.748894	0.593878	0.807951	0.225365
N102K	0.597541	0.737221	0.502588	0.753054	0.793808	0.825698	0.225974
N105L	0.280059	0.576307	0.684933	0.161663	0.776894	-0.019697	0.322934
N105V	0.131805	-0.608057	-0.135608	0.504461	0.782028	0.861941	0.688274
R108A	-2.267607	-0.995238	-3.214754	-2.021013	-1.141117	-2.500415	-0.617469
R108I	0.220035	0.97532	-0.027007	0.482291	1.413935	0.337913	0.162704
R108L	0.882609	0.424014	0.63429	0.066892	1.260877	0.04154	0.042129
R108Y	-8.968547	-2.924757	-7.693952	-4.542589	-7.872344	-10.359859	-2.744814
R108G	-5.698937	-2.044671	-6.084854	-4.33514	-5.556345	-5.562802	-1.952514
R108S	-2.832466	-1.949012	-3.017049	-2.668603	-2.871543	-2.93735	-0.437247
R108Q	-7.872072	-2.051976	-8.066207	-3.161469	-6.723444	-7.56716	-1.692955
R108D	0.558807	0.773514	0.679686	0.179476	1.11166	0.300088	0.149472
R112A	-6.760141	-2.629679	-6.225753	-1.814436	-3.612481	-6.45897	-3.179955
R112S	-6.12822	-2.563696	-4.486561	-3.674328	-4.174609	-5.850718	-2.952175
E115A	1.060286	1.320115	1.824218	0.765698	1.32159	1.54411	0.277924
E115I	1.888329	2.075747	2.071316	1.370881	1.680477	2.029428	1.098373
K129I	0.9503	1.180617	1.112071	0.618511	0.925032	1.220483	0.572989
K129F	0.97769	0.95478	1.210569	0.645319	0.89036	1.481901	0.503513
K129T	0.349324	0.310503	0.567259	-0.010818	0.586099	0.016972	0.030193
K129E	0.017843	0.363331	0.539447	0.171694	-0.059363	-0.309459	-0.041585
K132H	1.487154	1.181075	1.172183	2.213688	0.85067	0.334602	0.73126
T137G	-0.607419	0.313948	-0.506439	-0.6539	0.05193	0.376573	0.208106
T139A	-0.188842	0.358133	0.456127	-0.638934	0.019612	-0.018588	0.411527
T139R	0.388027	0.128818	0.404437	0.443552	0.153822	1.201125	0.018927
H141V	-2.04881	-0.653445	-1.180758	-1.091854	-1.841121	-1.525493	-0.255435
H141I	-5.085999	-2.091678	-4.774054	-2.682608	-4.333982	-3.417797	-1.594799
H141E	-7.635901	-3.868154	-8.719247	-2.398454	-6.701429	-8.844602	-4.248482
H141R	-14.900133	-9.557591	-12.130706	-4.862463	-11.93239	-14.40028	-7.418708
K143Y	-1.765944	-1.009195	-1.876946	-0.648933	-1.238982	-1.210641	0.089847
K143W	-0.851651	0.01528	-0.181483	-0.553293	-0.21315	-0.50053	-0.233064
K143H	-0.50532	-0.513168	-0.840647	-1.564341	-0.898188	-0.374818	-0.412877
Q147L	1.170683	1.194478	1.60931	0.721166	1.066824	1.774842	0.645588
Q147E	-0.117463	0.192907	-0.193407	-0.02309	0.36984	-0.818827	0.336777
Y148I	-5.243423	-2.079782	-5.865159	-3.312042	-5.11988	-4.827939	-1.304087
K154M	-0.743256	-0.12154	-0.58238	-0.26551400000000003	-0.923161	0.006524	0.339859
Y157A	0.398157	0.454442	0.773039	0.321083	0.679243	0.731696	-0.169003
K169I	-1.153387	-0.492081	-1.522947	-0.710482	-1.420597	-1.773569	-0.751041
A180T	0.700966	0.506207	0.98935	-0.429716	0.34991	1.440563	0.197107
