mutant	ELP2	ELP3	ELP4	ELP6	IKI1	SGF29
GSP1-NAT	0.232042	-0.102523	-0.491318	-0.385358	-0.274954	-0.312812
NTER3XFLAG WT	-0.440488	-0.910105	0.11906	0.531985	-0.724912	-2.521095
CTER3XFLAG WT	-1.271671	-1.420584	-1.846937	-1.371025	-0.54186	-0.613821
T34A	0.126891	0.006574	-0.312018	0.452436	0.130996	0.693013
T34L	0.378233	-0.52732	-1.02099	0.173537	-0.336336	0.474165
T34Y	0.593201	0.824538	0.443791	0.375655	0.429934	0.356332
T34G	3.683168	2.9754	3.467053	3.144692	4.205471	1.631466
T34S	0.093301	-0.293107	-0.326358	-0.009204	-0.507088	-0.144564
T34N	0.025402	-0.292816	-0.702577	0.106327	-0.523723	-0.091029
T34Q	2.001243	1.322911	2.035502	1.158504	2.36882	2.918298
T34D	0.282398	0.304187	0.609981	0.213703	0.086419	0.267041
T34E	2.30289	2.06148	1.840401	2.09087	2.625105	2.145272
F58A	-0.094998	0.521835	0.197795	0.07832	0.716477	0.035916
F58L	0.322802	-0.222531	-0.042497	-0.061159	-0.321224	0.081258
R78K	-4.384258	-2.39291	-2.443544	-4.055945	-1.157363	-1.409835
D79A	2.305789	3.061723	3.511297	2.243401	3.601059	3.020139
D79S	2.575194	1.914122	2.289271	1.579138	2.037472	1.731912
G80A	0.863648	0.78106	0.695742	0.769595	0.412904	0.513446
N84Y	0.548463	-0.139602	-0.0839	-0.11263	0.28839	0.268896
K101R	2.52806	2.60551	1.765986	1.394078	2.16706	1.899557
N102I	0.260793	0.580979	0.180544	0.759048	0.070702	-0.461274
N102M	0.815645	0.932925	0.968887	1.008619	0.951128	0.295673
N102K	-0.979658	-0.075937	-0.30594	-0.24449100000000001	0.082394	0.087995
N105L	-0.827	-0.573239	-1.209315	-1.40117	0.072311	-0.378444
N105V	-0.315369	0.425395	-0.330735	0.074408	0.309915	0.176
R108A	-1.359114	-2.428461	-2.373601	-2.167367	-1.735116	-0.580407
R108I	0.510797	0.30866	0.217554	0.063499	-0.519097	0.417229
R108L	-0.249125	-0.409038	-0.78867	-1.350532	-0.216135	-0.439074
R108Y	-4.044573	-3.863116	-5.14822	-4.545859	-2.25613	-2.816349
R108G	-5.858657	-4.046114	-4.845711	-4.342894	-4.005585	-1.512008
R108S	-1.602258	-1.037864	-1.364494	-1.280002	-1.833863	-0.287263
R108Q	-5.788481	-3.521579	-2.70655	-4.602648	-2.198991	-3.578936
R108D	0.248143	-0.134261	0.124018	0.430914	0.332471	0.242539
R112A	-6.36494	-2.973521	-3.149628	-3.824714	-2.359215	-1.150927
R112S	-4.394459	-3.357366	-1.976229	-1.573127	-0.169951	-1.793911
E115A	0.582077	0.636151	0.414282	0.638084	0.33263	0.543823
E115I	0.707795	0.237221	0.875397	0.520349	0.01335	0.410938
K129I	0.361487	0.287821	-0.106113	0.220279	0.251578	-0.192654
K129F	0.11118	0.73789	0.366979	0.524696	0.503011	5.81e-4
K129T	0.551028	0.437321	0.669339	1.030412	0.665655	0.201048
K129E	0.037632	-0.001743	-0.794188	-0.66871100000000006	-0.037538	-0.038914
K132H	-0.726201	0.222446	-1.662059	-1.051138	-0.649251	-0.4197
T137G	0.109391	-0.400561	-0.232273	0.045388	-0.610788	-0.347917
T139A	0.595513	0.143334	-0.058208	0.262016	-0.732919	-0.139785
T139R	0.476081	0.646501	-0.085615	0.954653	0.876214	0.101437
H141V	-0.162713	-0.606409	-0.296781	-0.915373	-0.010307	-0.444625
H141I	-2.398091	-1.47808	-2.066256	-2.339439	-1.496526	-0.479191
H141E	-2.464776	-0.708174	0.375139	-0.477912	0.444332	-0.048472
H141R	-6.651956	-4.85188	-4.154176	-5.224016	-2.877138	-3.196099
K143Y	0.124767	-0.217553	0.075349	0.414967	-1.164269	0.243401
K143W	-0.572019	0.244669	0.153772	-0.029392	0.282903	0.547491
K143H	0.06271	0.108937	0.529721	-0.138854	0.210112	-0.623795
Q147L	0.820521	0.041216	0.493194	0.659628	-0.054029	0.359177
Q147E	0.952176	0.477653	0.847581	0.730607	0.582215	0.564132
Y148I	-2.76458	-1.666784	-1.977048	-2.824061	-2.65159	-1.739328
K154M	-0.001684	-0.186108	-0.375431	-0.477627	-0.345955	-0.310785
Y157A	-0.283275	-0.412498	0.811504	-0.63956	-0.133616	-0.092313
K169I	0.530913	0.361724	-0.321902	0.787073	-0.098614	-0.156638
A180T	0.42646	0.933377	0.903856	1.275905	1.375553	0.755587
