mutant	GEM1	MDM12	MDM34	PFK2
GSP1-NAT	-0.762593	-0.939769	-1.874758	-0.302059
NTER3XFLAG WT	2.661718	2.556927	3.241907	1.682335
CTER3XFLAG WT	1.498956	2.109838	0.993816	-0.223489
T34A	0.556211	1.09943	1.163983	-0.331881
T34L	-0.436382	0.147249	0.219926	0.009989
T34Y	-0.585475	-0.817365	-1.326184	0.1388
T34G	3.472313	1.09493	2.448556	0.480037
T34S	-0.802356	-0.856381	-0.291722	-0.238296
T34N		-1.067427	-2.199462	-1.250793
T34Q	3.648019	1.932055	3.030523	1.665271
T34D	-1.085828	-0.763285	-0.02013	-0.936538
T34E	1.91026	1.299744	1.79815	0.531636
F58A	-0.088174	-0.955361	-0.023873	-0.377416
F58L	-0.623007	-0.651889	-0.867838	-0.599913
R78K	-0.743329	-0.072352	-1.862954	-0.796815
D79A	5.001815	3.112593	3.718078	2.003841
D79S	3.787733	1.653041	1.90751	1.658619
G80A	0.13528	-0.973219	-1.072316	-0.470783
N84Y	-1.436793	-1.433053	-1.870631	-0.563198
K101R	2.551125	1.974781	2.629801	1.478067
N102I		-0.501001	-0.746255	-0.560971
N102M	-0.355011	-0.279985	-0.37634	-0.086806
N102K	-0.962909	-0.94101	-0.387481	-0.74398
N105L	-0.845876	0.285054	-0.326045	-0.894139
N105V	-0.507697	-0.327326	0.122681	-0.410793
R108A	-0.115526	0.267523	-0.431569	-0.167529
R108I	0.852334	1.641353	0.898087	0.079646
R108L	2.196532	2.322189	2.776722	0.722981
R108Y	2.857595	2.066829	2.464218	1.6191
R108G	0.630431	1.282654	1.367273	1.242117
R108S	-0.877011	-1.043867	-1.560175	-0.441919
R108Q	0.934477	1.497455	0.857362	1.364177
R108D	-0.479697	-0.376783	-0.654787	-0.21113
R112A	4.563051	2.384888	3.103801	3.772585
R112S	4.347839	1.998378	2.956961	2.879856
E115A	-0.995413	-1.036882	-0.524165	-0.119485
E115I	-0.161373	-8.74e-4	-0.906308	-0.175897
K129I	-1.001697	-1.334447	-1.462985	-0.182011
K129F	-1.082875	-1.639572	-1.79524	-0.439195
K129T	-1.344096	-1.556117	-1.575251	-0.714392
K129E	-0.662325	-0.819437	-0.964815	0.013841
K132H		-0.680494	-0.567839	-1.345739
T137G	-1.503604	-0.62134	-0.792469	-0.656337
T139A	-0.741497	0.011919	-1.380911	-0.041398
T139R	-1.134776	-0.236705	-0.778866	-0.60259
H141V	-0.506461	-0.479695	-0.289914	-0.19696
H141I	0.342424	0.283125	0.827433	0.364654
H141E	3.828008	0.919703	3.14423	2.208399
H141R	2.50073	2.44037	3.017486	1.28393
K143Y	-0.944764	-1.64536	-1.581686	-0.510556
K143W	-0.77438	-0.437056	-1.751152	-0.213258
K143H	-0.514985	-0.884553	-0.890568	-0.297131
Q147L	0.263017	-0.849063	-0.373023	-0.240392
Q147E	1.204764	0.805127	0.068502	0.177296
Y148I	0.115693	-0.277039	-0.396909	0.230727
K154M	-1.280282	-0.50917	-0.110182	-0.922519
Y157A	1.509468	1.984685	1.412488	0.634054
K169I	-0.905728	-1.138957	-0.480969	-0.518446
A180T	-0.465896	-0.979162	-1.018081	-0.756224
