mutant	HOG1	PBS2	SRC1	SSK1	SSK2
GSP1-NAT	-0.066408	0.197512	0.114013	0.074799	0.446211
NTER3XFLAG WT	1.535156	1.094611	1.626251	1.288438	0.738104
CTER3XFLAG WT	0.669472	-0.198404	1.132353	0.675144	0.532251
T34A	-0.238951	-1.641451	-0.730716	-0.399735	-0.11068
T34L	-0.323065	-0.176089	0.493718	-0.058297	0.229112
T34Y	-0.008599	-0.190134	-0.455811	-0.249539	0.053992
T34G	-6.148697	-11.268174	-10.733624	-6.778024	-6.547451
T34S	-0.032484	-0.152044	0.48692	0.209879	-0.377321
T34N	0.217768	0.089452	0.168031	-0.00449	-0.151252
T34Q	-2.954735	-3.518743	-2.860157	-1.691257	-3.567258
T34D	-0.814445	-0.010137	-0.819358	-0.359052	-0.793155
T34E	-2.69326	-4.205966	-6.153697	-2.65091	-3.27181
F58A	-0.033342	0.084536	-0.05503	-0.171824	0.095403
F58L	-0.41846	0.094747	-0.338931	-0.235202	-0.458952
R78K	3.15012	-0.718151	1.748946	2.457234	0.264351
D79A	-1.908506	-4.692155	-0.335443	-0.293485	-1.927641
D79S	-1.781357	-3.042987	-1.444423	-1.26897	-1.692768
G80A	-1.011039	-0.237004	-0.769429	-0.53958	-0.917955
N84Y	-0.376374	-0.224475	0.386723	-0.212921	-0.556955
K101R	-0.187319	-1.926814	-1.14343	0.237781	0.168023
N102I	-0.305355	-0.17653	0.414271	-0.086278	-0.373597
N102M	-0.144866	-0.386658	-0.747528	0.145992	-0.217086
N102K	-0.007123	-0.133389	0.86038	-0.098875	-0.185614
N105L	-0.238914	0.305051	0.237277	0.278189	-0.288821
N105V	0.762797	0.54744	0.570901	-0.205838	0.413173
R108A	0.687735	0.297104	1.156753	0.600726	0.076435
R108I	0.390986	0.427253	0.090324	0.6944	0.411351
R108L	1.979787	1.267365	0.67945	1.927429	1.421087
R108Y	3.149615	2.408627	1.81724	2.039608	1.790724
R108G	0.442178	0.998643	0.987311	0.268577	0.310017
R108S	0.460477	0.962064	0.356039	0.191916	1.537831
R108Q	1.7044570000000001	2.071171	0.479094	1.713042	1.285567
R108D	0.28828	-0.450871	0.099904	-0.631164	0.438788
R112A	3.548287	3.462626	2.220736	3.633114	3.475245
R112S	3.32201	1.041699	2.224239	1.804131	1.704809
E115A	-0.966319	0.441439	0.128629	-0.140973	0.401299
E115I	0.208492	0.171358	0.132515	-0.371624	-0.145428
K129I	-0.466387	0.053159	-0.372724	-0.045881	0.056894
K129F	-0.455986	-0.465249	-0.352141	-0.750553	-0.19406
K129T	-0.530437	-0.982066	-0.2186	-0.466515	-0.114224
K129E	-0.660576	-0.270001	-0.307292	-0.503167	-0.542369
K132H	0.064892	0.567907	0.603497	0.344287	-0.456898
T137G	0.132944	0.247032	-0.554182	0.35606	0.135434
T139A	-0.247734	0.517955	0.182205	-0.290467	0.111169
T139R	-0.058232	-0.112829	-0.214469	-0.338463	-0.38716
H141V	0.162486	-0.014876	-0.768956	-0.206918	0.222808
H141I	0.330878	0.577763	-1.404043	0.673311	0.178763
H141E	-2.941135	-5.341969	-1.627378	-1.893266	-1.763652
H141R	3.285072	2.664889	1.231666	1.835208	1.574108
K143Y	-0.473436	-0.473027	0.289091	-0.339512	0.162419
K143W	-0.211871	-0.145545	0.253706	0.208038	0.301262
K143H	-0.194864	0.257052	0.264266	-0.369139	-0.312034
Q147L	-0.217793	0.225748	-0.032258	-0.019202	-0.466159
Q147E	-0.458115	-1.19089	-0.497206	-0.711218	0.527039
Y148I	0.582783	1.012102	-0.211201	0.530393	0.845465
K154M	0.444632	0.592913	-0.003323	-0.321477	-0.455014
Y157A	0.244764	-1.191297	-0.443621	-0.105518	0.21819
K169I	0.452779	0.120849	0.602947	0.040295	-0.191744
A180T	-0.951724	-0.877824	-2.093325	-0.221733	-0.424285
