mutant	NUP170	NUP188	POM34
GSP1-NAT	2.505319	3.123992	1.920647
NTER3XFLAG WT		-12.954264	-16.874378
CTER3XFLAG WT	-2.509224	-15.282189	-19.21987
T34A	-13.186239	-14.151936	-10.635079
T34L	-3.298997	-0.579351	-0.533673
T34Y	2.808541	3.412257	0.53655
T34G	-8.875975	-7.042188	-12.551408
T34S	1.805151	2.973031	1.342374
T34N	2.55733	3.010074	1.982414
T34Q	-12.370856	-15.08052	-17.029634
T34D	1.397286	0.247145	1.550866
T34E	-10.21952	-12.23376	-12.381138
F58A	0.834728	0.944089	2.304892
F58L	2.600291	3.027704	2.047803
R78K	4.184648	1.00458	5.034962
D79A	-6.84076	-6.987344	-15.953069
D79S	-5.120836	-15.807062	-17.200376
G80A	-2.986416	-7.322154	-5.95735
N84Y	1.181219	1.643815	0.474083
K101R	-9.216576	-6.873828	-15.125055
N102I	-2.723397	0.472362	-0.029938
N102M	1.828335	2.4285	0.90966
N102K	-0.476507	1.068188	1.142945
N105L	-7.801258	-1.004925	-3.211135
N105V	-1.284987	1.48808	-0.557996
R108A	-4.68549	-2.188541	-1.258164
R108I	-8.801375	-7.068179	-5.432705
R108L	-17.166264	-14.243296	-13.920331
R108Y	-15.787931	-14.498855	-14.81147
R108G	-10.644531	-8.118109	-7.808586
R108S	-3.165521	-0.332543	-0.581396
R108Q	-5.715865	-8.161622	-7.996932
R108D	2.412668	3.278558	1.621328
R112A	-8.004217	-5.677798	-16.739476
R112S	-8.315523	-7.509519	-11.447828
E115A	2.513124	3.49606	1.842667
E115I	1.339932	3.616339	0.618883
K129I	2.942229	2.994374	2.454092
K129F	2.196805	1.555125	1.98692
K129T	2.699469	1.816839	1.900787
K129E	2.400208	0.764862	1.853652
K132H	1.189061	1.388166	2.1588
T137G	2.087641	2.767859	1.278861
T139A	2.712208	3.355315	2.227791
T139R	3.675967	2.754929	1.914617
H141V	-0.237119	0.295499	0.036569
H141I	-10.079781	-6.014278	-7.791389
H141E	-6.80649	-9.835099	-8.740348
H141R		-12.127781	-11.387059
K143Y	-0.121834	0.273379	0.978879
K143W	-1.398144	-0.053418	0.632786
K143H	0.879935	2.189584	0.80779
Q147L	2.735748	3.48792	0.943242
Q147E	-8.336497	-5.62108	-7.425054
Y148I	-1.291157	-5.476436	-9.998787
K154M	-2.977294	0.734237	0.933958
Y157A	-2.158818	-4.778713	0.069273
K169I	1.212163	2.89784	0.631638
A180T	2.639719	0.781909	2.200118
