mutant	CRD1	DGK1	GSH2	IMG2	LOS1	MDM38	MIP1	PET123	RIM1	RPO41	SUM1
GSP1-NAT	-0.716346	-0.250336	-0.304052	-1.124596	-0.272341	-0.194084	-1.038171	-0.925155	-0.341721	-0.56856	-0.444636
NTER3XFLAG WT	2.049254	1.648476	1.286621	1.816563	2.105654	1.29966	1.967649	1.938181	2.032322	1.628054	1.307797
CTER3XFLAG WT	2.076246	0.196315	1.268685	0.73861	1.357221	0.753994	0.63604	-0.682717	0.574955	0.942493	0.928397
T34A	0.111155	1.135696	0.461734	0.477953	0.186037	0.001291	1.600441	0.55831	-0.761438	0.02959	0.467095
T34L	0.101487	0.565594	-0.206287	-0.017495	-0.763209	-0.29271200000000003	0.175176	-0.053389	0.20957	0.470635	-0.687244
T34Y	-0.077705	-0.915528	-0.629505	0.071007	-0.332229	-0.387449	-0.038961	-0.689393	-0.287816	-0.143614	-0.424049
T34G	2.781772	1.853175	2.52358	3.404702	1.610842	2.725573	2.336851	1.961045	2.883042	2.777243	1.534082
T34S	-0.567353	-1.108056	-0.733754	-0.430782	-0.002084	-0.360099	-1.634436	-0.71813	-0.632203	-1.24059	-0.815055
T34N	-0.901639	-2.205683	-0.569985		-0.395635	-0.668067					-0.796551
T34Q	2.597896	1.772913	1.513281	3.646661	2.711734	2.346175	2.550669	2.006912	1.598693	3.141731	3.633213
T34D	-0.09004	-0.251586	-0.282911	-0.529973	-0.629156	-0.4239	0.025498	-0.633389	-0.311951	-0.178831	-0.112647
T34E	1.721345	1.07104	1.003493	2.477684	1.608433	1.291897	1.803132	0.737733	1.473225	1.981578	1.867325
F58A	-0.091774	-0.207229	0.034198	-0.780239	0.151161	-0.217738	-0.463514	-0.445166	-1.250158	-0.648548	-0.611102
F58L	-0.023273	-0.647075	-0.823336	-1.535676	-0.518484	-0.305498	-1.540729	-2.22364	-0.213877	-1.857467	-0.271134
R78K	-2.893374	-0.32377	-0.125586	-1.587563	-0.578505	-1.83864	-1.156989	-0.340442	-2.135819	-1.435609	-2.097924
D79A	3.741527	3.924484	4.100065	4.484257	6.598343	4.883096	3.265186	3.826018	4.679249	2.942138	5.958708
D79S	2.603072	1.184396	1.874891	2.523606	2.001046	1.862618	2.108942	1.965563	2.629415	2.29364	3.096472
G80A	0.233711	0.232648	-0.476167	0.551385	0.765418	0.30312	0.44249	0.7479	0.621469	0.786276	0.636908
N84Y	-1.078011	-0.727301	-0.470129	-0.319805	-0.012047	-0.658268	-0.618953	-0.584038	-0.68216	-0.364618	-0.660195
K101R	1.874465	0.911603	1.845959	2.141301	2.02498	1.869451	1.795037	2.005807	0.862897	1.859592	2.623375
N102I	-0.598199	-0.491807	-0.396756		-1.272474	-0.566447					-1.147346
N102M	-0.359926	-0.212787	-0.115979	0.189943	-0.897493	-0.563963	-0.605214	-0.378956	-0.6182	-0.454673	-0.521629
N102K	-0.632253	-0.084003	-0.082496	-0.223998	-0.286921	-0.132414	-0.863408	-0.695347	-0.792214	-0.509811	-0.359674
N105L	-0.389846	-0.789759	-0.366402	0.447989	-0.920018	-0.319938	-0.253584	0.381821	-0.336713	-1.117736	-0.742053
N105V	-0.033095	0.403018	-0.316572	-0.717875	-0.454609	-0.475765	0.155318	-1.784742	0.346146	-0.166809	-0.386231
R108A	-0.592142	-0.384362	-0.541033	-1.087155	-0.637552	-0.125866	-1.134161	-0.612391	-1.586888	-0.159449	-0.376337
R108I	0.033278	0.025906	0.632613	-0.134682	0.546589	-0.059684	-0.021339	-0.190994	-0.157887	-0.046608	0.371988
R108L	0.628323	0.966895	1.179492	1.673221	1.359976	1.103775	1.103503	0.820124	1.026378	1.158351	0.948368
R108Y	2.36328	0.435281	0.966688	2.078996	1.589013	1.961595	0.663963	1.366101	1.552828	1.669809	1.350582
R108G	-0.302287	-0.54304	-0.521684	-1.105261	-0.412366	0.395164	-0.42632	0.182124	-0.168073	-0.274212	-0.263095
R108S	8.38e-4	-0.095417	-1.121568	-0.007102	-0.660499	-0.090823	-0.58897	-0.128528	-0.093987	0.17286	-1.060627
R108Q	0.880277	0.485296	-1.151123	0.004227	0.439255	0.601723	0.128074	-0.1218	0.429112	-0.206077	0.145988
R108D	-0.514365	-0.877608	0.23073	0.370045	-0.443896	-0.096316	-0.352916	0.360476	-0.035233	-0.504312	-0.304341
R112A	2.392264	2.032197	1.8890150000000001	2.951409	2.975543	2.740043	2.871853	2.329619	3.725851	3.138503	2.891716
R112S	3.068992		2.558097	3.557538	4.333106	3.09849	2.814048	2.989672	5.298079	3.255584	3.598455
E115A	-0.512838	-1.040467	-0.030171	-1.227547	-0.590698	-0.237233	-1.027347	-0.24529	-0.707889	-0.408429	-1.172771
E115I	-0.285754	-0.882751	-0.840608	-0.303316	0.260615	-0.387836	-0.243542	-1.119054	0.274426	-0.977144	-0.848348
K129I	-0.883886	-0.909435	0.066065	-0.825569	-0.033678	-0.142482	-1.849246	-0.876201	-0.24703	-0.776304	-0.176788
K129F	-0.828864	-0.602396	-0.455302	-1.035895	-0.502549	-0.427906	-0.512791	-0.763545	-0.53202	-0.62499	-0.426394
K129T	0.137934	-0.007232	-0.307943	-0.576605	-0.534324	-0.395292	-0.409432	-0.342775	-0.150427	-0.819175	-0.681783
K129E	-0.631583	-0.21811	-0.290235	-0.366767	0.067699	-0.473998	-0.404068	-0.480617	-0.315786	0.085255	-0.116672
K132H	-0.792759	-0.347154	-0.233706		-0.965615	-0.589598					-0.323747
T137G	-0.70139	-1.068754	-0.67604	-0.833297	-0.751857	-0.369011	-0.834531	-1.406892	-0.244325	-1.155578	-0.563105
T139A	-1.055089	-0.668939	-0.261387	-0.788195	-0.070117	-1.018038	-1.083339	-1.299776	-0.846994	-0.860081	-1.028437
T139R	-0.084333	-0.499529	0.019966	-0.564734	-0.837427	0.140981	-0.732952	-0.433763	-0.315611	-0.295794	0.047818
H141V	0.08029	-0.162251	-0.148556	-1.77431	-0.82205	0.310431	-1.102674	-0.64492	-0.63488	-0.735714	-0.141811
H141I	0.114019	0.279141	0.148763	-0.987247	-0.117657	0.624302	-0.967009	-0.750151	-0.781206	-0.837224	-0.237738
H141E	2.764985	1.149468	1.69137	3.080296	2.570021	3.41939	2.805039	2.347752	4.152057	3.105394	3.777402
H141R	2.164019	1.758289	1.781219	2.404337	1.736681	2.674687	2.090978	2.388236	2.973399	1.712146	1.650819
K143Y	-1.078978	0.095565	-0.097979	-1.011772	-0.447645	-0.244553	-0.583908	-0.736966	-0.545478	-1.692093	-0.194611
K143W	-0.657366	-0.629366	-0.766309	-2.412658	-0.632187	-0.456883	-2.057946	-0.814087	-0.966188	-2.888082	-0.602516
K143H	-0.047687	-0.290612	-0.194984	-0.657823	-0.297558	-0.271233	-1.885869	-0.426982	-0.669368	-0.7975	-0.370682
Q147L	-0.868389	0.002384	-0.154702	-1.061565	-0.609609	-0.377145	-0.373073	-0.068902	-0.558405	-0.828973	-0.255614
Q147E	-0.723002	0.137928	0.091693	-0.217216	0.665625	-0.34574	0.101872	0.0182	0.171461	0.364302	0.068634
Y148I	-0.637353	-0.182333	-0.537254	-0.597128	-0.356119	0.46504	-1.346314	-0.615899	-0.603324	-0.1213	0.145094
K154M	-0.088475	-0.590569	-0.629591	-1.050793	-0.533235	-0.205333	-1.079081	-0.694168	-1.205919	-0.988188	-1.425032
Y157A	0.673042	0.62931	0.169609	0.803493	0.302291	0.511203	0.635015	0.500619	-0.10629	0.308372	1.268425
K169I	-1.232216	-0.550963	-0.713438	-0.705435	-0.743896	-0.338614	-1.19126	-0.851421	-0.764556	-0.568194	-0.738963
A180T	-0.364965	0.013518	-0.240671	0.683118	-0.337705	-0.314581	0.710177	-0.199422	0.207552	-0.451894	0.275814
