mutant	NUP133	SAC3	SEM1	THP2
GSP1-NAT	4.428492	3.783058	3.366263	4.808271
NTER3XFLAG WT	-9.433073	-4.988235	-10.947024	-12.121999
CTER3XFLAG WT	-9.233241	-6.226948	-7.288271	-11.104917
T34A	-10.753913	-7.733997	-12.935419	-15.265494
T34L	-4.725471	-4.162686	-0.674848	-4.683664
T34Y	3.514999	3.011839	3.240085	4.114555
T34G	-0.221709	-1.744084	-3.190451	1.620433
T34S	2.833374	3.590248	3.157736	3.603099
T34N	2.666986	2.173507	2.788994	3.499936
T34Q	-8.484262	-5.429109	-8.118887	-8.090254
T34D	2.421682	-0.396436	0.355475	1.382998
T34E	-7.262498	-6.821502	-12.266158	-7.173132
F58A	4.23896	4.726402	3.814427	4.309178
F58L	4.419497	4.34115	3.437554	4.770611
R78K	2.183708	2.640062	-1.732955	-3.903931
D79A	-1.385141	-1.321985	-8.439593	-1.453364
D79S	-9.684944	-7.948086	-14.512395	-8.271373
G80A	-6.903603	-3.669683	-7.409827	-7.622873
N84Y	0.245634	-1.289666	-2.350264	-3.051328
K101R	-3.85149	-4.328184	-11.171338	-7.830104
N102I	-0.401915	0.602979	0.641001	1.887412
N102M	3.492343	3.24907	3.009815	3.424014
N102K	2.7055	3.697059	2.947988	4.604144
N105L	-2.750742	1.387784	1.57969	1.640116
N105V	0.088916	1.995993	2.585808	2.308459
R108A	-5.331331	-4.240053	-6.037376	-12.367214
R108I	-2.107804	-6.39548	-10.132817	-10.590511
R108L	-9.11669	-5.774653	-14.774361	-17.108491
R108Y	-9.755944	-7.263332	-12.687529	-15.551589
R108G	-7.481214	-4.589566	-6.226454	-12.546149
R108S	-2.588972	-1.040039	-1.039582	-2.896392
R108Q	-5.001208	0.683039	1.19779	-0.602823
R108D	3.598291	3.657478	2.896144	3.609272
R112A	-7.471144	-3.108075	-10.062611	-8.56635
R112S	-5.843126	-0.704311	-12.055372	-10.477031
E115A	3.142813	2.564498	3.41091	3.7499
E115I	2.725801	3.073998	2.336609	2.784137
K129I	3.678136	3.691618	3.238772	3.67189
K129F	2.301623	0.20428	1.572206	1.293887
K129T	3.705128	2.338411	2.085427	2.255032
K129E	2.758576	-1.554868	-1.213912	-0.229907
K132H	2.730056	2.750753	2.705134	4.109972
T137G	3.109117	2.843179	2.515701	2.718912
T139A	2.446144	3.09799	3.041483	3.819548
T139R	3.346022	2.079775	3.867448	4.409894
H141V	-4.637081	-3.496472	-2.834993	-1.647305
H141I	-8.668045	-8.347385	-13.044503	-13.250961
H141E	-5.254393	-4.576583	-10.663045	-10.618755
H141R	-10.185682	-4.667036	-5.290602	-6.922556
K143Y	0.30434	-2.773704	-3.232441	-1.512157
K143W	-6.348059	-3.590106	-5.726025	-10.534583
K143H	2.097252	2.195834	1.393255	2.641855
Q147L	2.894295	3.015603	2.879255	2.759977
Q147E	-9.407596	-7.136011	-17.440525	-15.914113
Y148I	-10.207783	-4.087841	-0.436766	-2.002768
K154M	0.758954	0.351473	0.166073	-0.025987
Y157A	-4.586697	2.623245	2.452372	2.795086
K169I	1.467506	2.080913	2.300322	2.134847
A180T	4.185387	3.251708	3.501539	4.884737
