mutant	GBP2	MUD1	NOT5	RAD18	SPT23	YER077C
GSP1-NAT	-0.136166	-0.102952	-0.66005	-0.581485	-0.3518	-0.235146
NTER3XFLAG WT	0.809186	0.691679	1.23426	0.458494	0.214537	0.651065
CTER3XFLAG WT	0.691187	0.509038	0.524903	-0.232909	-0.107382	0.253505
T34A	0.195954	-0.152968	-0.441924	-0.239855	0.437818	0.360001
T34L	-0.166504	-0.094722	-0.578931	-0.214185	-0.440593	-0.243139
T34Y	-0.217136	-0.162792	-0.37142	-0.003199	-0.111111	-0.010143
T34G	0.71284	0.150715	1.046287	0.236333	1.375534	0.449984
T34S	-0.637038	-0.83587	-0.712379	-0.634607	-0.341308	-0.391255
T34N	-0.512744	-0.935576	0.403143	-0.454655	-0.89037	0.048429
T34Q	1.416183	0.836225	0.713737	1.513725	2.573245	0.045562
T34D	-0.056034	-0.614387	-0.11068	-0.32403	-0.20531	-0.234621
T34E	-0.201775	-0.347058	0.21975	0.535801	-0.213767	-0.171971
F58A	-0.642296	-0.841895	-0.48849	0.002621	0.357728	-0.428628
F58L	-0.306473	-0.730456	-0.32114	-0.499638	0.04827	-0.564307
R78K	-0.869893	0.044432	-0.388648	-0.368313	-0.755183	-0.011202
D79A	7.207189	3.608387	3.59897	3.447434	4.055905	2.198567
D79S	2.142397	0.975764	0.674605	1.447079	2.175281	0.77303
G80A	-0.081024	-0.079263	-0.502427	-0.583498	-0.067961	-0.271098
N84Y	-0.425048	-0.114962	-0.479664	-0.171527	0.103319	-0.518823
K101R	0.766491	-0.041735	0.585516	0.147822	1.022616	0.108235
N102I	-1.039108	-0.498716	-0.039269	-0.580582	-0.395801	-0.630713
N102M	-0.560382	-0.70677	0.170704	-0.003575	-0.367052	-0.559952
N102K	-0.261543	-0.231721	-0.672858	-0.348119	-0.189531	-0.567403
N105L	-0.169686	-0.039601	0.055618	0.123839	-0.431423	0.355746
N105V	-0.582632	-0.53011	-0.099388	0.390446	0.073203	-0.20663
R108A	0.777184	-0.143089	-0.11019	-0.059369	0.07497	0.061708
R108I	0.396513	0.037744	-0.498945	-0.548792	0.086362	-0.041714
R108L	1.840981	0.362573	0.607935	0.737347	0.074492	-0.15433
R108Y	1.567326	-0.131373	0.722919	1.200278	1.247551	0.820086
R108G	0.097281	0.13997	0.023655	-0.499253	0.548565	-0.091573
R108S	-0.228492	-0.263186	-0.059205	-0.313415	-0.555132	-0.041947
R108Q	0.132612	-0.222541	0.847252	0.627969	0.129513	0.368819
R108D	-0.417833	-0.135967	-0.003316	-0.310618	0.194465	-0.182156
R112A	3.602339	2.138875	3.961024	2.15388	3.14034	2.018567
R112S	2.9799	2.595224	2.83825	2.378344	2.850692	1.698482
E115A	0.168519	0.201338	-0.707306	0.267721	-0.537182	-0.504263
E115I	-0.21407	-0.144319	-0.020475	-0.421247	-0.075447	-0.237453
K129I	-0.295086	-0.150136	-0.523054	-0.069322	0.024298	-0.287539
K129F	-0.712748	-0.36654	-0.156844	-0.135842	-0.143133	0.371568
K129T	-0.559585	-0.408536	-0.18386	-0.430765	-0.050378	-0.020419
K129E	-0.286187	0.079046	-0.212062	-0.440584	-0.248542	-0.120509
K132H	-1.224849	0.218896	-0.200805	-0.563419	0.378214	0.563761
T137G	-0.120418	-0.818135	-0.429564	-0.354976	-0.05592	-0.440062
T139A	-0.601141	-0.392435	-0.313686	-0.642518	-0.47643	-0.896673
T139R	-0.333072	-0.425484	-0.286968	-0.084199	-0.466443	-0.56189
H141V	-0.165042	0.178947	0.143561	0.561953	-0.114663	-0.26808
H141I	-0.198286	0.007798	0.489663	0.5394	-0.003376	-0.209795
H141E	2.914917	3.025604	2.17562	2.061599	2.039212	2.187385
H141R	2.58402	0.866769	1.888287	0.750226	1.581996	0.737395
K143Y	-0.398462	-0.609259	-0.366513	-0.014244	-0.260201	-0.2702
K143W	-0.296341	0.015988	-0.511036	-0.187134	-0.17771	-0.616835
K143H	0.123951	-0.034764	-0.189657	0.124527	-0.206857	-0.526125
Q147L	-0.572646	-0.163196	-0.663832	-0.084992	-0.324679	-0.418476
Q147E	-0.085505	-0.128589	0.051054	0.409953	0.53837	-0.222544
Y148I	-0.19136	-0.412529	-0.367438	-0.588522	-0.175552	0.290787
K154M	-0.153093	-0.153345	-0.192586	-0.27551	-0.354312	0.038872
Y157A	-0.091202	0.577384	0.258608	0.525766	0.2011	-0.159464
K169I	-0.050703	-0.255657	-0.855757	-0.989439	-0.235263	-0.441839
A180T	-0.809747	0.282223	-0.112979	-0.243208	0.072913	-0.263455
