mutant	BYE1	ENT3	GAS1	IOC2	PEX1	PEX12	PEX14	PEX19	PEX3	PEX6	SLC1
GSP1-NAT	-0.04825	-0.367158	-1.249258	0.115494	-0.751007	-0.827508	-0.581745	-0.59954	-1.338752	-0.840321	-0.157394
NTER3XFLAG WT	0.742803	0.417915	0.562577	0.215779	0.290414	1.112465	-0.01674	0.689736	0.427139	0.722098	-0.356089
CTER3XFLAG WT	-0.130172	0.317713	1.191993	0.684542	0.017975	0.402633	0.431058	0.534738	0.375877	0.263214	1.01367
T34A	-0.038376	-0.07567	-0.330292	0.06643	0.225961	0.76997	0.900993	0.644219	-0.063861	-0.092614	-0.0888
T34L	-0.308742	-0.661119	-0.465802	0.009616	-0.067101	-0.386366	-0.452611	-0.085075	-0.109642	-0.308421	-0.180987
T34Y	-0.108169	0.183413	0.119778	-0.151819	-0.285733	0.16396	0.256687	0.579554	0.288744	-0.410871	-0.50181
T34G	1.56045	1.998855	3.818773	3.6027	2.781976	2.673734	1.785931	2.328131	1.895027	2.892225	2.897641
T34S	-0.37411	0.046633	-0.800813	-0.366966	-0.476499	-0.549372	-0.330356	-0.267605	-0.317229	-0.774639	-0.588562
T34N	-0.439659	-0.100748	-1.030495	-0.643372	-1.263092	-1.088196	-1.090818	-0.732787	-0.990986	-1.434425	-0.995499
T34Q	1.155704	1.84022	3.058833	2.188618	2.213175	2.900766	1.712062	2.593395	1.823587	2.862583	2.537631
T34D	-0.07502	-0.00533	-0.168619	-0.205385	-0.336306	-0.241378	-0.45986	-0.414014	-0.130819	-0.323093	-0.919905
T34E	0.308594	0.793678	3.121268	1.896074	1.453588	1.602028	1.829781	2.133034	1.488928	1.39282	2.484487
F58A	-0.062336	-0.094258	-0.308493	-0.523419	-0.38202	-0.59733	-0.664928	-0.35299	-0.950293	-0.175026	-0.41666
F58L	-0.704332	-0.074238	-2.005348	-0.46752	-1.092778	-0.62114	-0.436859	-0.45544	-1.062464	-0.304609	-0.492429
R78K	1.585799	1.521755	3.730016	3.081809	1.040996	2.800423	1.313362	1.768379	1.995559	1.641095	3.498953
D79A	1.870155	2.323634	4.464346	3.497761	4.601661	4.079561	2.813896	4.2678	3.174743	4.824081	4.157242
D79S	0.632378	0.500405	2.570446	0.650032	1.609632	2.171725	1.693133	2.116447	1.497618	2.71834	1.670259
G80A	-0.025039	0.32606	0.360634	0.064113	-0.100335	0.325395	0.136832	0.101824	0.348452	0.061025	-0.699362
N84Y	-0.49034	-0.218302	-0.876617	-0.912821	-0.731247	-0.965995	-0.341546	-0.175225	-1.03699	-0.913957	-1.021661
K101R	0.463776	0.609895	2.587402	0.211296	1.697733	1.961331	1.03651	2.273517	1.309383	1.694827	1.250903
N102I	-0.782315	-0.808694	0.371429	0.412855	-0.498622	-0.515104	-0.68658	-0.881966	-1.041269	-1.390296	-0.374739
N102M	-0.192477	-0.514423	-0.068637	-0.403526	0.348352	-0.401626	-0.131993	-0.193734	0.082627	-0.761429	-0.736911
N102K	-0.708165	-0.170595	0.339846	-0.611528	-0.739517	-0.031872	0.112169	-0.165334	0.202329	0.116034	-0.53533
N105L	-0.176178	0.049006	-0.584459	0.020508	-0.721705	-0.613133	-0.403368	0.222855	-0.370324	-0.027786	-1.094851
N105V	-0.4027	-0.708744	-0.763964	-0.671082	-0.336572	-0.570597	-0.48252	-0.831681	-0.079903	-0.627742	-0.453233
R108A	-0.499726	0.099611	-1.323277	-0.076724	-1.082332	-0.39791	-0.090475	-0.828276	-0.444874	-0.96543	-0.613613
R108I	0.452313	0.041836	-0.285139	-0.867902	-0.400823	-0.699944	-0.161691	0.073934	0.58774	-0.272306	-0.102138
R108L	0.114549	-0.073677	0.585703	0.141269	0.093935	0.582502	0.091163	0.215814	0.345031	0.382485	0.58537
R108Y	0.074774	0.511357	1.204777	0.242753	0.413815	1.428233	0.347382	0.781992	0.642939	1.998902	0.317273
R108G	-0.63125	-0.851698	-1.780262	-0.282793	-0.816126	0.087555	-0.551201	-0.502661	-0.818844	-0.986885	-0.584266
R108S	-0.845292	-1.061646	-0.598857	-0.866943	-0.860285	-0.659932	-0.015542	-0.761382	-0.692275	-0.746797	0.205571
R108Q	-0.522769	-0.499866	-0.854316	-0.362735	-0.258626	0.070337	-0.639986	-0.294757	-0.722885	0.377826	-0.392565
R108D	-0.400188	0.062698	0.303545	-0.481611	0.293646	-0.422068	-0.219339	-0.410278	-0.223135	0.351445	0.076653
R112A	1.915301	1.907837	2.801721	1.284346	1.595866	2.070211	2.479447	2.110166	1.310813	3.591809	3.168218
R112S	1.830943	1.743753	3.595538	2.184039	2.332752	2.189139	2.18456	2.502128	0.425024	3.07567	3.363079
E115A	-0.199271	-0.666662	-0.026028	-0.676047	-0.270833	-0.811291	-1.284179	-0.666636	-0.650991	-0.725951	-0.602082
E115I	-0.316926	-0.091617	-1.078322	-0.10429	-0.348242	-0.254962	-0.262096	-0.667524	-0.48516	-0.134553	-0.200118
K129I	0.129609	0.114822	-0.589408	-0.23134	-0.370657	0.132621	-0.015129	-0.117886	0.1936	-0.145967	-0.074127
K129F	-0.239536	0.302509	-0.037979	-0.618042	0.046093	0.262793	0.003878	-0.37106	0.099332	-0.109013	-0.413589
K129T	-0.60234	-0.057246	-0.186341	-0.073321	-0.329654	-0.209906	-0.037806	-0.009823	-0.307557	-0.360067	-0.622409
K129E	-0.120132	-0.172375	-1.983228	-0.217698	0.096575	0.077353	0.079667	0.121599	0.225196	-0.13112	-0.455219
K132H	-0.026652	-0.509005	-0.301462	0.222278	-0.29761	-0.300575	-0.311889	-0.743072	-0.242669	-0.828091	-0.224998
T137G	0.180474	-0.532461	-1.005432	-0.769945	-0.61561	-0.873414	-1.02315	-0.806701	-1.489641	-0.677637	-0.35516
T139A	-0.634864	0.07573	-0.330653	-0.590365	-0.491726	-0.619886	-0.577832	-0.575273	-0.893521	-1.384311	-1.159629
T139R	0.047092	0.196032	-0.676248	-0.801247	-0.43671	-1.007389	-0.566934	-0.381953	0.238124	-0.172257	-0.585185
H141V	-0.34678	-0.303567	-0.66553	-0.464996	-0.485425	-0.416686	-0.170269	-0.375112	-1.042343	-0.695825	0.299559
H141I	-0.923113	-0.258002	-0.012977	-0.77156	0.252014	-0.184384	0.116664	0.096313	-0.498837	-0.046775	-0.770367
H141E	1.466706	1.463065	2.417697	0.617885	2.293628	1.672391	1.90101	1.610197	0.196883	1.733015	1.398054
H141R	0.99726	1.173091	2.862243	1.405706	1.515451	1.884524	0.993299	1.688319	0.943627	2.40173	1.840165
K143Y	-0.747211	-0.073331	-0.772375	-0.242649	-0.534499	-0.795851	-0.661951	-0.728057	-0.317544	-0.239186	0.339487
K143W	-0.53347	-0.25996	-1.074926	-0.227124	-0.513921	-0.166381	-0.292617	-0.013365	-0.251758	-0.55468	-0.67447
K143H	-0.044246	0.015531	-0.648432	0.256718	-0.263343	-0.140808	-0.428239	-0.101343	-0.130337	-0.792622	-0.328215
Q147L	-0.761855	-0.325334	-1.342259	-0.3906	-0.395826	-0.777709	-0.31972	-0.663174	-0.586293	-0.579789	-0.835885
Q147E	0.170558	-0.172696	0.58761	0.077457	-0.520362	0.074721	0.467146	0.258544	-0.163571	0.213415	0.091163
Y148I	-0.470008	-0.469562	-0.828369	0.015522	-0.973059	-0.191244	0.26331	-0.034084	-0.422686	-0.740433	-0.161061
K154M	-0.309463	-0.307474	-1.549799	0.24075	-1.008133	-1.639275	-0.338034	-0.873744	-0.995883	-0.859522	0.068694
Y157A	-0.111939	-0.221779	0.229442	0.166234	0.004088	0.453717	0.418626	0.885834	0.53657	0.723626	-0.490076
K169I	0.127375	-0.675185	-0.857401	-0.05917	-0.268695	-0.49371	-0.877463	-0.997057	-0.280844	-0.970025	-0.565019
A180T	0.343248	-0.111928	1.471827	-0.277555	0.425658	-0.07607	0.393241	0.567911	0.662902	0.322038	0.332728
