mutant	CPA1	IWR1	RIM101	RIM20	RIM21
GSP1-NAT	0.08998	0.417279	0.202206	0.002356	-0.244969
NTER3XFLAG WT		-0.252286	0.193382	-0.249404	-0.914346
CTER3XFLAG WT		0.58439	0.439077	0.342883	-0.05256
T34A		0.261527	0.267004	0.573062	0.772531
T34L		0.215175	-0.78633	1.029325	-0.372671
T34Y		1.277263	0.858529	1.28202	1.296942
T34G		-0.743479	1.950569	-0.772765	-0.702567
T34S		-0.402098	-0.647042	-0.075706	-0.451201
T34N	-0.176468	-0.16047	-0.51982	0.481357	-0.359897
T34Q	0.093866	1.008859	1.606184	1.11616	1.204094
T34D	-0.291656	1.319643	0.549785	1.032254	0.738156
T34E		1.797789	1.859623	1.718814	2.07124
F58A		0.721044	0.564341	0.722191	0.39106
F58L	-0.209262	-0.064609	-0.374139	0.359971	-0.497755
R78K		0.344665	-1.961323	-1.462229	-0.209323
D79A		-3.277491	-2.278878	-3.827729	-0.961429
D79S		-2.413496	-2.827561	-2.950567	-1.869925
G80A	-0.088673	-0.659729	-0.504752	-0.191155	0.069324
N84Y		0.549574	0.480844	0.191484	0.179689
K101R	-0.183812	0.83288	1.298663	1.783589	1.326808
N102I		-0.002584	-0.329719	-0.047508	-0.351469
N102M		0.72881	0.498274	0.763536	0.664602
N102K		0.244417	0.467892	0.527325	0.840683
N105L	-1.118152	-0.780308	0.042641	-0.163113	0.616433
N105V	-0.502218	0.156647	0.001841	0.193418	-0.44996
R108A	-4.119634	-1.395703	-0.749388	-1.158442	-1.32546
R108I		-0.032438	0.399048	0.862585	0.718154
R108L		-0.194595	-0.282818	-0.011314	0.157279
R108Y		-2.304371	-1.699426	-2.962094	-2.444208
R108G	-2.009568	-1.552057	-1.436067	-1.252149	-2.445177
R108S		-2.064037	-1.872674	-2.286714	-1.466093
R108Q		-2.588875	-1.928804	-2.588055	-2.405516
R108D		0.516007	0.325025	0.059239	0.961426
R112A	-5.109713	-5.377271	-2.970988	-4.306158	-2.397422
R112S	-7.903596	-4.336146	-3.125444	-5.312967	-2.218702
E115A	-0.175864	0.354655	0.318541	0.24071	0.113253
E115I	-1.078941	0.395901	0.127415	-0.66099	-0.471357
K129I		-0.010121	-0.463262	0.188959	-0.499519
K129F	0.282863	0.096351	-8.15e-4	-0.112597	0.670475
K129T		-0.212186	-0.019252	0.073349	0.002599
K129E		-0.171533	-0.343682	0.110449	0.054773
K132H	-0.277908	0.495084	0.101655	0.501787	0.57215800000000006
T137G	-1.181648	-0.476967	-0.357874	-0.614683	-0.207646
T139A	0.085842	0.045962	0.006067	-0.181423	0.146388
T139R		1.224547	1.641511	1.469789	1.065192
H141V	0.321355	-0.358128	0.333337	0.129289	0.416335
H141I	-0.388485	-0.515021	-0.241422	-0.837239	-0.275736
H141E	-5.696544	-3.512077	-2.637985	-3.551364	-2.688476
H141R		-1.574142	-1.984727	-2.634646	-2.450931
K143Y	0.177036	0.249123	-0.066817	0.043849	-0.505433
K143W	0.422398	0.02224	0.174984	0.309634	0.173776
K143H		0.161307	-0.45417	-0.111573	0.252568
Q147L		1.139951	0.537333	0.67595	0.750791
Q147E		1.315254	1.24469	1.536508	1.25623
Y148I		-1.353748	-0.485745	-1.275184	-0.540976
K154M		-0.186767	-0.636645	-0.434899	-0.391275
Y157A		0.054218	0.103995	0.007822	-0.071257
K169I		0.005302	0.16554	-0.17386	0.027992
A180T		0.827809	1.099322	1.695158	1.389766
