mutant	DEP1	PHO23	RXT2	SAP30
GSP1-NAT	-0.573324	-0.196312	-0.371699	-0.514172
NTER3XFLAG WT	1.165854	1.796586	1.764766	1.487399
CTER3XFLAG WT	1.350922	0.921248	1.485191	0.560262
T34A	1.060124	0.595712	0.640655	0.213753
T34L	0.21932	0.564571	-0.339399	-0.302649
T34Y	0.420708	-0.790257	0.272553	-0.239445
T34G	-2.090704	-2.703406	-0.623936	-3.437845
T34S	-1.472491	-0.222551	-0.589304	-0.357419
T34N	0.001418	-0.481444	-0.382558	-0.843651
T34Q	2.548176	2.780063	2.198092	2.875599
T34D	0.193965	-0.314438	0.141291	0.463494
T34E	2.742089	2.649172	2.439874	2.095258
F58A	0.325648	-0.649198	-0.101863	-0.892071
F58L	0.048566	-0.762005	-0.055181	-0.303711
R78K	1.875201	-1.28242	3.302382	0.689316
D79A	3.950006	5.275535	5.744547	5.019493
D79S	3.090942	2.77197	3.190287	2.325747
G80A	1.079812	0.292853	0.474621	0.619342
N84Y	0.127733	-0.327082	-0.817351	-0.414952
K101R	3.610537	3.28782	3.102778	3.159443
N102I	-0.293141	-0.137153	-1.148815	-0.417617
N102M	-0.03126	-0.296021	-0.915343	-0.409562
N102K	-0.457676	-0.470938	-1.107006	-0.98971
N105L	-0.533501	-0.495022	-0.499653	-0.544206
N105V	-0.160717	-0.464525	-0.764328	-0.435002
R108A	-1.559067	-0.680229	-1.33298	-0.609204
R108I	-0.169113	-0.82574	-0.866282	0.708791
R108L	1.001931	1.224205	1.489523	2.022311
R108Y	0.447621	0.953937	1.147499	1.158293
R108G	-1.530761	-0.922821	-0.711628	-0.072526
R108S	-1.238681	-1.507882	-2.120314	-1.215234
R108Q	-1.266002	0.090234	1.055085	0.84889
R108D	-0.367716	0.120859	-0.346708	-0.619822
R112A	2.408087	4.370129	4.402772	3.975445
R112S	2.901822	5.243775	4.836892	4.917642
E115A	-0.998823	0.025376	-0.294091	-0.690042
E115I	-0.591033	-0.971981	-0.785239	-0.741364
K129I	-0.036577	-0.613393	-0.558273	-0.459739
K129F	0.003756	0.127829	-0.498066	-0.588051
K129T	0.727277	0.26889	0.041614	0.189524
K129E	0.294017	0.434315	-0.79177	0.031937
K132H	0.297193	-0.357252	-0.466893	0.079415
T137G	-0.677076	-0.811456	-0.625205	-0.686885
T139A	0.078362	-0.633046	0.20055	-0.57951
T139R	0.357405	0.078699	-0.328701	-0.039787
H141V	-0.808319	-1.175351	-1.021594	-0.652211
H141I	-1.631905	-1.030926	-1.344419	-0.785241
H141E	-1.110089	0.816368	1.675328	-0.155098
H141R	0.992146	2.831248	3.262989	2.334113
K143Y	-1.705096	-1.733505	-2.598712	-0.98697
K143W	-1.182519	-1.815733	-2.399284	-1.022102
K143H	-1.183221	-0.13816	-0.501168	-1.204163
Q147L	-0.330809	-0.722488	-0.053845	-0.39087
Q147E	0.909357	0.219343	-0.329159	0.190981
Y148I	-2.175288	-0.505206	-2.143112	-0.914368
K154M	-1.288664	-1.144709	-1.290646	-0.787262
Y157A	1.035258	1.14019	0.725573	0.410757
K169I	-0.194584	-0.556433	-0.674188	-1.127842
A180T	1.291182	0.715051	0.801857	0.777446
