mutant	NUP100	SGF11	UBP8
GSP1-NAT	0.889657	0.97594	0.074829
NTER3XFLAG WT	-4.269036	-8.96443	-9.586479
CTER3XFLAG WT	-3.829288	-5.750035	-5.232285
T34A	-1.053504	0.498314	0.838414
T34L	0.116781	0.556475	0.193467
T34Y	0.130432	0.071257	0.303199
T34G	-1.023528	0.384165	0.239717
T34S	0.326816	0.389439	0.377093
T34N	0.423973	0.587119	0.429892
T34Q	-2.669458	1.376619	1.803844
T34D	0.432867	0.794016	0.588444
T34E	-0.31435	2.01467	1.633048
F58A	1.387394	0.707404	0.414663
F58L	0.584698	0.684769	0.091392
R78K	-0.197158	0.075494	0.636423
D79A	-0.806947	-1.495979	-0.779961
D79S	-1.378064	-0.480792	0.061549
G80A	0.581794	0.735818	-0.026851
N84Y	0.724201	1.206713	0.189784
K101R	-1.453406	-0.428983	-1.48192
N102I	0.414865	0.241603	0.11438
N102M	1.276239	0.663983	0.237932
N102K	0.434388	-0.168343	-0.099318
N105L	0.177738	0.203278	-0.080639
N105V	-0.094787	0.090542	-0.081563
R108A	0.291567	-0.63169	0.413738
R108I	-3.005501	-0.487423	-1.565273
R108L	-5.565151	-3.8354	-4.240577
R108Y	-4.76251	-7.582529	-6.160322
R108G	-1.96606	-2.19596	-1.765815
R108S	0.211729	-0.160251	0.214181
R108Q	-1.952642	-5.571457	-4.35935
R108D	0.864117	0.459522	0.093552
R112A	-12.899719	-12.073661	-11.998419
R112S	-7.568699	-4.790015	-13.033937
E115A	1.146498	0.711826	0.910644
E115I	0.759861	0.890828	0.040941
K129I	1.304534	0.541225	0.482247
K129F	0.711767	0.378331	0.656744
K129T	0.513864	0.465433	0.540571
K129E	0.678798	0.25761	0.087967
K132H	1.156781	0.2367	-0.379029
T137G	0.810248	0.251292	0.104015
T139A	0.433253	0.602258	0.171445
T139R	0.833765	0.967419	0.062095
H141V	0.363691	-0.255711	0.163122
H141I	-3.498839	-1.444565	-0.80989
H141E	-6.161237	-4.769683	-1.481521
H141R	-9.710876	-8.995777	-5.554046
K143Y	0.252968	-0.604614	0.326794
K143W	0.297662	-0.388352	0.696032
K143H	1.141921	-0.089702	-0.085316
Q147L	1.367151	0.509223	0.602647
Q147E	-1.613361	-0.008806	0.015604
Y148I	-2.030305	-2.018763	-1.424906
K154M	0.672898	0.068871	-0.199726
Y157A	-0.12153	0.342992	-0.156985
K169I	0.702369	0.148877	0.661895
A180T	0.081676	0.823037	0.396514
