mutant	HOS2	SET3	SIF2
GSP1-NAT	0.201728	-0.418864	-0.368039
NTER3XFLAG WT	3.23037	2.09798	2.453659
CTER3XFLAG WT	2.405103	1.28916	2.262599
T34A	-0.063384	-0.182311	-0.74392
T34L	-0.166073	-0.051728	-0.684035
T34Y	-0.120273	0.528414	-0.165589
T34G	2.81056	3.031196	3.192032
T34S	0.026175	0.113703	-0.344571
T34N	-0.801683	-0.052847	-0.256514
T34Q	-1.185205	-3.492159	-3.301655
T34D	-0.451812	0.004906	-0.355131
T34E	-0.20547	-0.55478	-0.605427
F58A	0.698742	0.66287	0.887476
F58L	0.013206	0.105419	0.209054
R78K	1.5942	-2.3269	-1.07842
D79A	-3.523718	-5.647956	-2.656444
D79S	-0.520915	-1.167984	-0.659705
G80A	-0.026334	-0.788153	-0.754168
N84Y	-0.469003	-0.980461	-0.616134
K101R	0.296473	0.329343	0.290662
N102I	-0.041058	-0.186936	0.440887
N102M	0.259076	-0.433245	-0.25713
N102K	-0.165967	0.281568	0.435299
N105L	0.252437	-0.287034	-0.252353
N105V	-0.348191	-0.930379	-1.005384
R108A	-0.48	-0.11003	-0.659641
R108I	-1.022578	0.164219	0.280402
R108L	2.032092	2.245064	1.64579
R108Y	0.498114	0.44703	1.035612
R108G	1.074342	0.528186	0.286516
R108S	-0.329096	0.238986	0.124369
R108Q	1.142126	-0.277359	0.606981
R108D	-0.107428	0.483709	0.179295
R112A	1.879433	0.256759	1.407011
R112S	3.426547	1.465015	1.993636
E115A	0.131263	0.491219	0.353849
E115I	-0.055603	0.185745	0.930204
K129I	-0.114132	0.240789	0.066911
K129F	-0.282166	0.070454	-0.272509
K129T	-0.220058	-0.277283	-0.159331
K129E	0.091695	0.520391	0.215001
K132H	0.040431	-0.089693	-0.444366
T137G	-0.272348	0.618915	-0.20871
T139A	0.464525	0.054437	0.113448
T139R	0.216349	0.176722	-0.838439
H141V	-0.363261	-0.563473	-0.695853
H141I	-0.269682	-0.770884	-0.452302
H141E	-7.79947	-7.02926	-8.511312
H141R	2.791873	1.413448	2.677418
K143Y	-1.248554	-0.662685	-0.078262
K143W	-0.657508	-1.909311	-1.229651
K143H	-0.082396	-0.061864	-0.386781
Q147L	-0.178899	-0.145468	0.287024
Q147E	-1.554143	-1.09453	-1.401328
Y148I	0.009238	-0.242816	-0.099533
K154M	-0.331151	-0.040523000000000003	0.475954
Y157A	-1.878496	-1.324866	-0.984579
K169I	-0.192102	0.147544	0.213789
A180T	0.152541	0.496826	0.024281
