mutant	ERV14	IRC21	SAP185	SIS2
GSP1-NAT	-0.308371	-0.500572	-0.222443	-0.126466
NTER3XFLAG WT	1.692143	0.066087	-0.162741	1.584678
CTER3XFLAG WT	1.326172	0.663159	-0.001217	1.874965
T34A	0.609892	1.023359	-0.012156	-0.021612
T34L	-0.078162	-0.405386	-0.646668	-0.528537
T34Y	-0.581199	-0.435494	-0.058739	-0.20458
T34G	-2.750044	-3.823653	-1.478577	-3.31994
T34S	-0.828238	-0.772025	-0.289609	-0.764572
T34N	-0.63568	-0.434055	-0.871354	-0.426606
T34Q	1.998046	3.603631	1.385473	3.058252
T34D	-0.571569	-0.135743	-0.199993	0.256953
T34E	1.084829	1.406238	0.90104	2.160523
F58A	0.459727	-0.264469	-0.2904	-0.289709
F58L	-0.484085	-0.487997	-0.47742	-0.914651
R78K	3.42827	2.371222	2.16623	3.207506
D79A	3.488864	4.525754	2.004575	4.86559
D79S	1.227227	1.484205	0.096859	1.435905
G80A	-0.395585	-0.040306	-0.418797	-0.132023
N84Y	-1.696311	-0.678417	-0.298845	-0.20086
K101R	2.603338	1.996233	1.049574	2.910766
N102I	-0.288292	-0.463592	-0.287524	-0.059875
N102M	0.42909	-0.234044	-0.115614	-0.759256
N102K	-0.22309	-1.146634	0.00635	0.261545
N105L	0.703917	0.244322	-0.505854	-0.981127
N105V	-0.258296	-0.360625	-0.246977	-0.044143
R108A	-0.517933	0.210237	-0.223471	-0.678682
R108I	-0.211106	0.137527	0.160448	0.138811
R108L	1.729349	1.394333	0.901462	2.611413
R108Y	1.721081	1.589799	1.623243	2.735893
R108G	-0.983095	-0.396634	0.016476	-0.392645
R108S	-0.774741	-0.267217	-0.037497	-1.358215
R108Q	0.02279	0.126805	0.370439	-0.191223
R108D	-0.016714	-0.299848	-0.115796	-0.474788
R112A	3.832561	3.78719	2.357206	6.531884
R112S	3.163163	4.75272	2.701057	6.669009
E115A	-0.541005	-0.176719	-0.346352	-0.486266
E115I	-0.514978	0.07076	0.007358	-1.445575
K129I	0.003655	-0.484537	-0.340112	-1.254147
K129F	-0.91092	-0.580667	-0.501822	-0.044338
K129T	0.055964	-0.357708	-0.206847	0.037016
K129E	-0.416072	-0.691643	-0.150821	-1.125458
K132H	0.207227	-0.314844	-0.572391	-0.487569
T137G	-0.5747	-0.359303	-0.74159	-0.166827
T139A	-1.503485	-0.57206	-0.024577	-0.746693
T139R	-0.486283	-0.255703	-0.180352	0.388742
H141V	-0.171401	-0.061888	-0.284345	-0.22205
H141I	0.819525	0.289831	0.629011	-0.045174
H141E	2.75362	3.489118	0.260865	1.3070600000000001
H141R	3.600882	1.646096	0.645856	2.551419
K143Y	-0.937848	-0.373271	-0.175167	-0.483191
K143W	-0.95001	-0.539985	-0.632478	-0.481807
K143H	-0.778238	-0.085699	-0.234324	-0.746455
Q147L	-0.42198599999999997	-0.324297	-0.646062	-1.155301
Q147E	0.319969	0.743367	0.329697	-0.183752
Y148I	0.119107	-0.302456	0.213292	-0.323833
K154M	-1.195919	-0.23962	0.044376	-0.939791
Y157A	0.442641	-0.502963	0.272316	-0.19925
K169I	-0.166428	-0.387251	-0.130424	-0.692463
A180T	-0.090908	-0.753503	-0.433077	0.018373
