mutant	ARP6	HTZ1	SWC3	SWR1	VPS71	VPS72
GSP1-NAT	-0.177352	0.111717	0.181421	0.277187	-0.674877	-0.159277
NTER3XFLAG WT	0.770157	0.626252	0.54792	-0.215224	1.099621	0.65073
CTER3XFLAG WT	0.77702	1.251611	1.599869	0.970869	0.672655	0.838756
T34A	-0.397293	0.104408	1.076229	0.267723	0.056878	0.111494
T34L	0.124871	-0.346564	0.368088	0.699641	-1.262293	0.097102
T34Y	0.573799	0.088134	0.590915	0.841555	-0.177117	0.217629
T34G	-2.882125	-7.586875	-4.023451	-4.221399	-3.921224	-1.453702
T34S	0.734664	0.423318	-0.06356	-0.334266	-0.193515	-0.086473
T34N	-0.911617	-0.562154	0.03159	-0.453161	-0.489004	-0.401395
T34Q	-0.811331	-1.624053	-0.058667	-1.894605	-0.534511	-0.683032
T34D	0.386437	0.387781	0.557528	-0.193855	0.598337	0.44721
T34E	1.272863	0.918713	0.349961	0.064704	-0.213511	0.928419
F58A	0.909133	0.871731	0.667528	1.282778	0.095398	0.615864
F58L	0.607671	0.599484	-0.343129	0.850509	0.055175	0.183316
R78K	5.461536	0.198469	-0.104076	0.75427	-0.202844	1.257838
D79A	-7.503221	-3.609022	-8.849612	-7.496465	-7.036543	-3.13914
D79S	-0.702726	0.074532	-1.04672	-1.939878	-0.362729	-0.210073
G80A	-0.20822	0.346704	0.117363	0.222137	-0.091647	0.176682
N84Y	0.055186	-0.512728	0.006595	-0.601329	-0.646693	-0.473007
K101R	1.361915	1.585315	1.971134	1.671612	0.898008	1.299033
N102I	0.135144	0.399265	1.244193	0.991745	0.847725	0.684871
N102M	-0.129798	0.567635	0.386653	1.267878	0.922559	0.517196
N102K	0.798273	0.870937	0.563198	0.475019	0.991495	0.565726
N105L	-0.109479	-0.12095	0.400645	-0.549144	0.520823	-0.724086
N105V	-0.447183	0.542946	0.115146	0.452507	0.333949	-0.114105
R108A	-0.888086	-0.951692	-0.505495	-0.882823	-1.468623	-0.716439
R108I	0.821295	0.065974	-0.044128	0.302681	-0.498308	0.108575
R108L	0.915122	0.854552	0.116489	0.882228	1.40038	1.119716
R108Y	-2.213071	-2.703497	-2.407961	-2.826998	-1.381975	-1.527554
R108G	-0.415409	-1.493132	-1.273523	-1.055885	-0.27827	-1.003456
R108S	-0.942174	-0.209394	-0.748453	-0.497025	-0.600773	-0.643289
R108Q	0.173467	0.077623	-1.28708	-0.941959	-1.257594	-0.467107
R108D	0.676206	0.371672	0.138088	0.444106	0.700327	-0.173556
R112A	-4.769167	-4.085957	-0.976961	-4.596925	-4.099349	-5.67903
R112S	-4.746308	-6.702659	-5.957066	-9.059228	-6.378438	-6.1562
E115A	0.514964	0.779789	0.594164	1.148029	0.635046	0.473551
E115I	0.293327	0.596603	0.218424	1.483638	0.568261	0.156972
K129I	0.864195	0.235942	0.708575	1.034123	0.734161	0.121691
K129F	0.090621	-0.21934	0.317523	0.614888	0.724248	0.736155
K129T	0.24175	0.196113	0.420298	0.242629	0.437203	0.375078
K129E	-0.2107	0.209974	0.205467	-0.015161000000000001	0.45306	0.015205
K132H	-0.494338	0.310454	-0.255617	0.575291	0.585521	-0.079969
T137G	0.188794	-0.104652	0.029296	0.419743	0.009221	0.363072
T139A	-0.313014	0.137764	1.095027	0.025255	-0.408452	-0.224583
T139R	0.447273	0.652464	0.535436	0.108021	0.030766	0.350163
H141V	-0.805744	0.009906	-0.913276	-0.917708	-0.46172	-0.341074
H141I	-1.275615	-1.23737	-1.151404	-0.631437	-1.041707	-0.528663
H141E	-10.487762	-15.277879	-13.107556	-12.552771	-10.736511	-9.7142
H141R	-1.721256	0.032896	-1.763244	-0.419026	-0.473484	0.075054
K143Y	-0.513258	-0.372322	-1.070467	-0.773123	-0.438906	-0.370764
K143W	-0.815855	-0.778192	-0.325628	-0.806202	-0.520345	-0.391721
K143H	-0.408551	-0.618399	-0.665646	-0.277219	-0.421673	-0.905199
Q147L	0.373983	-0.01944	0.066958	0.389807	0.388792	-0.04989
Q147E	0.131363	0.036998	0.17966	0.061417	0.205867	-0.009147
Y148I	-0.483811	-0.847137	-1.072342	-0.372719	-1.072778	-1.190943
K154M	0.305018	0.27641	-0.174103	-0.135534	-0.053993	0.109619
Y157A	-0.921664	-2.192937	-2.064375	-2.812797	-0.926701	-1.806788
K169I	-0.167846	-0.333938	-0.168651	0.41961	-0.288071	0.011369
A180T	0.899418	0.570575	0.906969	0.468173	0.617963	1.400174
