mutant	NCS2	NCS6	UBA4
GSP1-NAT	0.302554	0.322857	0.566426
NTER3XFLAG WT	-1.09104	-0.791674	-1.010188
CTER3XFLAG WT	-1.622527	-1.743653	-1.666574
T34A	-1.685133	-0.510534	-0.52239
T34L	-0.187878	-0.139347	-0.112683
T34Y	0.82676	0.584443	0.709906
T34G	1.803091	1.722517	1.901517
T34S	-0.226117	0.026163	0.53947
T34N	-0.230391	0.394459	0.835698
T34Q	-1.708632	-1.357536	-1.078622
T34D	1.27445	-0.158569	0.462191
T34E	0.323153	0.566876	0.191445
F58A	0.913172	0.564277	0.393252
F58L	0.655887	0.669768	0.352035
R78K	-6.350849	-1.302315	-4.316606
D79A	-0.327473	-0.440906	-0.94867
D79S	-1.095844	-1.135041	-0.435591
G80A	0.659765	0.405468	0.303643
N84Y	0.573973	-0.149852	0.708064
K101R	0.851868	1.381211	0.375449
N102I	0.833406	0.386715	0.758114
N102M	0.871499	0.934301	1.063927
N102K	-0.572939	-0.11225	-0.142743
N105L	-0.103777	0.280885	-0.366057
N105V	-0.176511	-0.089439	-0.164875
R108A	-2.377072	-0.63118	-1.339458
R108I	0.792075	0.077639	0.075893
R108L	0.403109	-0.415681	-0.79676
R108Y	-5.147032	-2.83401	-4.888831
R108G	-2.997764	-2.034245	-2.751095
R108S	-0.675102	-1.119708	-0.607308
R108Q	-0.988031	-1.833975	-2.241067
R108D	0.700505	0.587731	0.60621100000000006
R112A	-4.150777	-3.515017	-5.234602
R112S	-5.943393	-3.246161	-6.469864
E115A	0.453482	0.442734	1.219528
E115I	-0.338345	0.219404	0.424876
K129I	0.398405	0.473253	0.539167
K129F	0.553986	-0.024477	0.387145
K129T	1.183857	0.717215	1.462194
K129E	0.690986	0.142562	-0.148781
K132H	0.026632	-0.468109	-0.081552
T137G	0.971096	-0.116562	0.761919
T139A	0.216764	0.64497	0.282398
T139R	1.185151	0.875223	0.685265
H141V	-0.562537	0.430298	-0.111022
H141I	-2.119559	-0.782428	-1.770459
H141E	-5.579495	-2.820882	-4.905245
H141R	-5.091535	-2.790849	-4.996802
K143Y	0.040779	-0.12934	0.674573
K143W	-0.002148	0.502849	0.234108
K143H	0.200592	0.509769	0.509892
Q147L	1.01195	0.848276	0.963712
Q147E	0.275921	0.391662	0.166295
Y148I	-0.479797	-0.83398	-1.562166
K154M	0.261999	0.030636	0.428659
Y157A	-0.231417	-0.240607	-1.501223
K169I	0.697496	0.382591	1.069018
A180T	0.772953	0.235312	1.028785
