experiment_id	date	gsp1_variant_id	gsp1_mutation	temperature	gamma1_area	gamma2_area	gamma2_percent	gamma_shift	gamma2_shift
2	20180511	20	K132H	25	0.0222	0.1776	88.88888889	-6.7021	-8.0176
5	20180906	2	T34A	25	14.6781	1.8792	11.34967658	-6.56	-7.8754
6	20180907	9	D79S	25	2.8632	22.9731	88.91791781	-6.6153	-8.0383
7	20180910	6	H141V	25	0	0.1105	100	NA	-7.9886
8	20180911	3	T34E	25	0.0899	0	0	-6.5731	NA
9	20180912	11	T34G	25	0.0727	0.128	63.77678127	-6.5588	-7.8786
10	20180913	10	G80A	25	3.4587	17.3532	83.38114252	-6.6136	-8.0088
11	20180914	4	R108L	25	3.7405	18.5799	83.24178778	-6.5654	-8.021
12	20180915	14	Y157A	25	0	19.712	100	NA	-7.9068
13	20180918	12	H141R	25	0.0364	0.1742	82.71604938	-6.5769	-8.0146
15	20180921	13	T34Q	25	7.3894	0	0	-6.5421	NA
16	20181009	15	T34L	25	8.1936	2.4775	23.21691297	-6.593	-7.9713
17	20181016	41	T34D	25	8.4987	5.022	37.14304733	-6.5964	-7.9077
18	20181017	1	WT	25	2.3222	16.7653	87.83392272	-6.5971	-8.0544
20	20190122	7	Q147E	25	9.8811	11.3362	53.4290414	-6.5471	-7.9784
21	NA	8	F58A	25	NA	NA	78.3	NA	NA
22	NA	31	T34S	25	NA	NA	47.7	NA	NA