mutant	kcat	Km	kcat_Km
A180T	2.63	1.53	1.72
D79A	3.20	2.65	1.21
D79S	2.63	1.14	2.31
F58A	1.90	1.59	1.20
G80A	1.56	1.43	1.09
H141R	0.60	0.50	1.19
H141V	0.48	0.50	0.96
K101R	4.04	304.88	0.01
K132H	2.68	3.26	0.82
K143W	1.44	0.92	1.56
N105L	0.31	1.31	0.24
Q147E	2.03	1.36	1.49
R108A	2.69	0.79	3.40
R108G	5.42	8.48	0.64
R108I	8.13	149.16	0.05
R108L	3.40	49.18	0.07
R108Q	3.81	8.69	0.44
R108Y	4.46	19.30	0.23
R112S	0.78	4.09	0.19
R78K	3.52	10.23	0.34
T34A	1.82	0.84	2.18
T34E	1.70	1.02	1.67
T34G	2.79	1.48	1.88
T34L	1.96	1.63	1.21
T34Q	1.37	0.94	1.46
WT	2.98	0.92	3.25
Y157A	0.96	1.06	0.91