mutant	gamma2	GAP_kcat	GAP_kcat_Km	GAP_Km	GEF_kcat	GEF_kcat_Km	GEF_Km	GAP/GEF efficiency	GAP kcat / GEF kcat
T34A	0.12921746209811089	0.9334960418465065	0.11725569989227815	7.9611996918196875	0.610738255033557	0.6707692307692308	0.9130434782608695	0.17480780947243302	1.5284715410453786
T34Q	0	0.69792292341674	0.07856679888635539	8.883178814835835	0.45973154362416113	0.4492307692307692	1.0217391304347825	0.17489184683606507	1.518109716629113
D79S	1.0123414172614789	0.5642233301152075	0.13109617519940023	4.303888570791719	0.8825503355704698	0.7107692307692308	1.2391304347826084	0.18444267073508688	0.6393100850735051
K132H	1.0120109194412625	0.71053308206214	0.08547556454185731	8.312704173064486	0.8993288590604027	0.2523076923076923	3.543478260869565	0.3387751033671174	0.7900703673676035
T34G	0.7261064893265649	0.5418248464872701	0.20029720838802734	2.705104333943665	0.9362416107382551	0.5784615384615385	1.6086956521739129	0.3462584719473877	0.5787233127355071
T34L	0.2643274062119675	0.4568389810717866	0.13937536721398128	3.2777598380810535	0.6577181208053691	0.3723076923076923	1.7717391304347825	0.37435532516152	0.694581716119349
T34E	0	0.9971531994625727	0.19310672743997745	5.163741381161947	0.5704697986577181	0.5138461538461538	1.108695652173913	0.3758065054969621	1.7479509025873337
A180T	NA	0.4394544553290162	0.3724401906405218	1.1799329566802215	0.8825503355704698	0.5292307692307692	1.6630434782608696	0.7037387323149396	0.4979369874070222
Q147E	0.6082961997532882	0.8723930110306058	0.36554497518694856	2.3865545151713357	0.6812080536912751	0.4584615384615385	1.4782608695652175	0.7973296438641495	1.28065575018286
R78K	NA	0.3951368450184033	0.09789595211635105	4.0362940088552	1.1812080536912752	0.10461538461538462	11.119565217391305	0.9357701305239438	0.33451926083944367
WT	1	1	1	1	1	1	1	1	1
R108A	NA	0.9640059683472813	1.3774970150268213	0.6998243610194038	0.9026845637583892	1.0461538461538462	0.8586956521739131	1.316725087893285	1.067932262332676
K143W	NA	1.0648310085241135	1.245118023807336	0.8552048787054427	0.4832214765100671	0.48000000000000004	1	2.59399588293195	2.203608614862402
G80A	0.9493045504275753	0.9220960938769539	0.9763784145204158	0.9444044236986491	0.5234899328859061	0.3353846153846154	1.5543478260869563	2.9112200432948176	1.7614399742008477
F58A	0.8914551186516789	1.1195488828596043	1.2159727101112814	0.9207023098052483	0.6375838926174496	0.3692307692307692	1.7282608695652173	3.293259423218054	1.755924037327169
Y157A	1.1385122843571889	0.8135994679991483	0.94512120498483	0.8608414071211188	0.3221476510067114	0.28	1.1521739130434783	3.375432874945821	2.5255483485806898
H141R	0.9417323833262584	0.9121444190239693	1.8928348916515825	0.48189328242363644	0.20134228187919462	0.36615384615384616	0.5434782608695652	5.169507057031633	4.530317281152381
R108I	NA	1.571566103887698	0.13552955969915317	11.595744185816296	2.7281879194630876	0.015384615384615385	162.1304347826087	8.809421380444956	0.5760476001949987
R108G	NA	0.9245410452723043	2.138644815256074	0.4323022872601699	1.8187919463087248	0.19692307692307692	9.217391304347826	10.860305702472251	0.5083269953711194
R108Y	NA	0.6483894244067593	0.7958121887226016	0.8147518140524108	1.4966442953020134	0.07076923076923078	20.97826086956522	11.245172231949804	0.4332288082359064
R108Q	NA	0.9052484405256821	1.6151420248597486	0.5604760612951605	1.278523489932886	0.13538461538461538	9.445652173913043	11.93002631998678	0.7080420873402973
R108L	0.9477179795938413	0.6310695820694895	0.5898927371559253	1.0698039530238868	1.1409395973154361	0.02153846153846154	53.45652173913043	27.387877082239385	0.5531139278138467
K101R	NA	0.6049677557221687	0.8012380041643032	0.7550412643658287	1.3557046979865772	0.003076923076923077	331.39130434782606	260.40235135339856	0.4462385920920947
