mutant	GAP_kcat_Km	GEF_kcat_Km	GAP_GEF_ratio
T34A	0.11725569989227815	0.6707692307692308	0.17480780947243302
T34Q	0.07856679888635539	0.4492307692307692	0.17489184683606507
D79S	0.13109617519940023	0.7107692307692308	0.18444267073508688
K132H	0.08547556454185731	0.2523076923076923	0.3387751033671174
T34G	0.20029720838802734	0.5784615384615385	0.3462584719473877
T34L	0.13937536721398128	0.3723076923076923	0.37435532516152
T34E	0.19310672743997745	0.5138461538461538	0.3758065054969621
A180T	0.3724401906405218	0.5292307692307692	0.7037387323149396
Q147E	0.36554497518694856	0.4584615384615385	0.7973296438641495
R78K	0.09789595211635105	0.10461538461538462	0.9357701305239438
WT	1	1	1
R108A	1.3774970150268213	1.0461538461538462	1.316725087893285
K143W	1.245118023807336	0.48000000000000004	2.59399588293195
G80A	0.9763784145204158	0.3353846153846154	2.9112200432948176
F58A	1.2159727101112814	0.3692307692307692	3.293259423218054
Y157A	0.94512120498483	0.28	3.375432874945821
H141R	1.8928348916515825	0.36615384615384616	5.169507057031633
R108I	0.13552955969915317	0.015384615384615385	8.809421380444956
R108G	2.138644815256074	0.19692307692307692	10.860305702472251
R108Y	0.7958121887226016	0.07076923076923078	11.245172231949804
R108Q	1.6151420248597486	0.13538461538461538	11.93002631998678
R108L	0.5898927371559253	0.02153846153846154	27.387877082239385
K101R	0.8012380041643032	0.003076923076923077	260.40235135339856
