mutant	GAP_kcat_Km	GEF_kcat_Km	GAP_GEF_ratio	ln_GAP_kcat_Km	ln_GEF_kcat_Km
GSP1-NAT	1	1	1	0	0
T34A	0.11725569989227815	0.6707692307692308	0.17480780947243302	-2.143398259683571	-0.39933011954064845
T34L	0.13937536721398128	0.3723076923076923	0.37435532516152	-1.9705845020520765	-0.9880346367329964
T34G	0.20029720838802734	0.5784615384615385	0.3462584719473877	-1.6079529735616196	-0.5473832194997883
T34Q	0.07856679888635539	0.4492307692307692	0.17489184683606507	-2.5438060748115454	-0.8002185606214011
T34E	0.19310672743997745	0.5138461538461538	0.3758065054969621	-1.6445122510039551	-0.6658313699129824
F58A	1.2159727101112814	0.3692307692307692	3.293259423218054	0.1955443409494459	-0.9963334395476916
R78K	0.09789595211635105	0.10461538461538462	0.9357701305239438	-2.3238500774266266	-2.257464657713576
D79S	0.13109617519940023	0.7107692307692308	0.18444267073508688	-2.031824063318467	-0.3414074718079439
G80A	0.9763784145204158	0.3353846153846154	2.9112200432948176	-0.02390504791743388	-1.0924773001005939
K101R	0.8012380041643032	0.003076923076923077	260.40235135339856	-0.22159724226113545	-5.783825182329737
R108A	1.3774970150268213	1.0461538461538462	1.316725087893285	0.32026809509290866	0.04512043528046964
R108I	0.13552955969915317	0.015384615384615385	8.809421380444956	-1.9985655096929569	-4.174387269895637
R108L	0.5898927371559253	0.02153846153846154	27.387877082239385	-0.5278145600408903	-3.837915033274424
R108Y	0.7958121887226016	0.07076923076923078	11.245172231949804	-0.22839206479270233	-2.6483309664005876
R108G	2.138644815256074	0.19692307692307692	10.860305702472251	0.7601723645384549	-1.6249420989700656
R108Q	1.6151420248597486	0.13538461538461538	11.93002631998678	0.4794228938976565	-1.9996355484114763
K132H	0.08547556454185731	0.2523076923076923	0.3387751033671174	-2.4595247387186268	-1.3771059350654844
H141R	1.8928348916515825	0.36615384615384616	5.169507057031633	0.6380756479539422	-1.0047016892182081
K143W	1.245118023807336	0.48000000000000004	2.59399588293195	0.21923032366242598	-0.7339691750802003
Q147E	0.36554497518694856	0.4584615384615385	0.7973296438641495	-1.0063659562353906	-0.7798788763842783
Y157A	0.94512120498483	0.28	3.375432874945821	-0.05644210046970145	-1.2729656758128873
A180T	0.3724401906405218	0.5292307692307692	0.7037387323149396	-0.9876788160928546	-0.6363307055162846
